-3.000000000000000000e+02
-3.000000000000000000e+02
-3.000000000000000000e+02
-3.000000000000000000e+02
-3.000000000000000000e+02
-3.000000000000000000e+02
5.500000000000000000e+01
-3.000000000000000000e+02
5.700000000000000000e+01
-3.000000000000000000e+02
-3.000000000000000000e+02
-3.000000000000000000e+02
-3.000000000000000000e+02
-3.000000000000000000e+02
-3.000000000000000000e+02
-3.000000000000000000e+02
-3.000000000000000000e+02
-3.000000000000000000e+02
-3.000000000000000000e+02
-3.000000000000000000e+02
-3.000000000000000000e+02
-3.000000000000000000e+02
-3.000000000000000000e+02
-3.000000000000000000e+02
-3.000000000000000000e+02
-3.000000000000000000e+02
-3.000000000000000000e+02
-3.000000000000000000e+02
-3.000000000000000000e+02
-3.000000000000000000e+02
-3.000000000000000000e+02
-3.000000000000000000e+02
-3.000000000000000000e+02
-3.000000000000000000e+02
-3.000000000000000000e+02
-3.000000000000000000e+02
-3.000000000000000000e+02
-3.000000000000000000e+02
-3.000000000000000000e+02
-3.000000000000000000e+02
-3.000000000000000000e+02
-4.700000000000000000e+01
-3.000000000000000000e+02
-3.000000000000000000e+02
-3.000000000000000000e+02
-3.000000000000000000e+02
-3.000000000000000000e+02
-1.810000000000000000e+02
-3.000000000000000000e+02
-3.000000000000000000e+02
3.500000000000000000e+01
-3.000000000000000000e+02
-3.000000000000000000e+02
-3.000000000000000000e+02
-3.000000000000000000e+02
-1.710000000000000000e+02
-3.000000000000000000e+02
-3.000000000000000000e+02
-3.000000000000000000e+02
-3.000000000000000000e+02
-3.000000000000000000e+02
-3.000000000000000000e+02
-3.000000000000000000e+02
-3.000000000000000000e+02
-3.000000000000000000e+02
5.200000000000000000e+01
-3.000000000000000000e+02
-3.000000000000000000e+02
-3.000000000000000000e+02
-3.000000000000000000e+02
-3.000000000000000000e+02
-3.000000000000000000e+02
-3.000000000000000000e+02
-3.000000000000000000e+02
-3.000000000000000000e+02
-3.000000000000000000e+02
-3.000000000000000000e+02
-3.000000000000000000e+02
-1.440000000000000000e+02
-3.000000000000000000e+02
-3.000000000000000000e+02
-3.000000000000000000e+02
-3.000000000000000000e+02
-3.000000000000000000e+02
-3.000000000000000000e+02
-3.000000000000000000e+02
-3.000000000000000000e+02
-3.000000000000000000e+02
-3.000000000000000000e+02
-3.000000000000000000e+02
-3.000000000000000000e+02
-3.000000000000000000e+02
-1.300000000000000000e+02
-4.700000000000000000e+01
-3.000000000000000000e+02
-3.000000000000000000e+02
-3.000000000000000000e+02
-3.000000000000000000e+02
-3.000000000000000000e+02
-3.000000000000000000e+02
-3.000000000000000000e+02
-3.000000000000000000e+02
-3.000000000000000000e+02
-3.000000000000000000e+02
-3.000000000000000000e+02
-3.000000000000000000e+02
-3.000000000000000000e+02
-3.000000000000000000e+02
-3.000000000000000000e+02
-3.000000000000000000e+02
-3.000000000000000000e+02
-3.000000000000000000e+02
-3.000000000000000000e+02
-3.000000000000000000e+02
-3.000000000000000000e+02
-3.000000000000000000e+02
-3.000000000000000000e+02
-3.000000000000000000e+02
-3.000000000000000000e+02
-3.000000000000000000e+02
-3.000000000000000000e+02
-3.000000000000000000e+02
-3.000000000000000000e+02
-3.000000000000000000e+02
-3.000000000000000000e+02
-3.000000000000000000e+02
-3.000000000000000000e+02
-3.000000000000000000e+02
-3.000000000000000000e+02
-3.000000000000000000e+02
-3.000000000000000000e+02
-3.000000000000000000e+02
-3.000000000000000000e+02
-3.000000000000000000e+02
-3.000000000000000000e+02
-3.000000000000000000e+02
-3.000000000000000000e+02
-1.120000000000000000e+02
3.600000000000000000e+01
1.900000000000000000e+01
-1.280000000000000000e+02
4.600000000000000000e+01
-1.010000000000000000e+02
-3.000000000000000000e+02
-3.000000000000000000e+02
-3.000000000000000000e+02
-3.000000000000000000e+02
-9.000000000000000000e+01
-1.660000000000000000e+02
-3.000000000000000000e+02
-3.000000000000000000e+02
-3.000000000000000000e+02
-3.000000000000000000e+02
-3.000000000000000000e+02
-3.000000000000000000e+02
-3.000000000000000000e+02
-3.000000000000000000e+02
-3.000000000000000000e+02
-3.000000000000000000e+02
-3.000000000000000000e+02
-3.000000000000000000e+02
-3.000000000000000000e+02
-3.000000000000000000e+02
-3.000000000000000000e+02
-3.000000000000000000e+02
-3.000000000000000000e+02
-3.000000000000000000e+02
-3.000000000000000000e+02
-3.000000000000000000e+02
-3.000000000000000000e+02
-3.000000000000000000e+02
-3.000000000000000000e+02
-3.000000000000000000e+02
-3.000000000000000000e+02
-3.000000000000000000e+02
-3.000000000000000000e+02
-3.000000000000000000e+02
-1.080000000000000000e+02
-7.600000000000000000e+01
-3.000000000000000000e+02
-3.000000000000000000e+02
-3.000000000000000000e+02
-3.000000000000000000e+02
-3.000000000000000000e+02
-3.000000000000000000e+02
-1.900000000000000000e+01
-3.000000000000000000e+02
-1.760000000000000000e+02
-3.000000000000000000e+02
-3.000000000000000000e+02
-1.300000000000000000e+01
-3.000000000000000000e+02
-3.000000000000000000e+02
-3.000000000000000000e+02
-3.000000000000000000e+02
-3.000000000000000000e+02
-3.000000000000000000e+02
-7.000000000000000000e+01
-3.000000000000000000e+02
-3.000000000000000000e+02
-3.000000000000000000e+01
-3.000000000000000000e+02
-3.000000000000000000e+02
-3.000000000000000000e+02
-3.000000000000000000e+02
-3.000000000000000000e+02
-1.010000000000000000e+02
4.600000000000000000e+01
3.000000000000000000e+00
-3.000000000000000000e+02
-4.000000000000000000e+00
-3.000000000000000000e+02
-3.000000000000000000e+02
-3.000000000000000000e+02
-3.000000000000000000e+02
-3.000000000000000000e+02
-3.000000000000000000e+02
-3.000000000000000000e+02
-1.030000000000000000e+02
-3.000000000000000000e+02
-3.000000000000000000e+02
-3.000000000000000000e+02
3.200000000000000000e+01
-3.000000000000000000e+02
-3.000000000000000000e+02
-3.000000000000000000e+02
-3.000000000000000000e+02
-3.000000000000000000e+02
-3.000000000000000000e+02
5.800000000000000000e+01
-3.000000000000000000e+02
-3.000000000000000000e+02
-3.000000000000000000e+02
-3.000000000000000000e+02
-3.000000000000000000e+02
-3.000000000000000000e+02
-3.000000000000000000e+02
-3.000000000000000000e+02
-3.000000000000000000e+02
-3.000000000000000000e+02
-3.000000000000000000e+02
-3.000000000000000000e+02
-3.000000000000000000e+02
-3.000000000000000000e+02
-3.000000000000000000e+02
-3.000000000000000000e+02
-3.000000000000000000e+02
-3.000000000000000000e+02
-3.000000000000000000e+02
-3.000000000000000000e+02
-3.000000000000000000e+02
-3.000000000000000000e+02
-3.000000000000000000e+02
-3.000000000000000000e+02
-3.000000000000000000e+02
-3.000000000000000000e+02
-3.000000000000000000e+02
-3.000000000000000000e+02
-3.000000000000000000e+02
-3.000000000000000000e+02
-3.000000000000000000e+02
-3.000000000000000000e+02
-3.000000000000000000e+02
-3.000000000000000000e+02
-3.000000000000000000e+02
-3.000000000000000000e+02
-3.000000000000000000e+02
-3.000000000000000000e+02
-3.000000000000000000e+02
-3.000000000000000000e+02
-3.000000000000000000e+02
-3.000000000000000000e+02
-3.000000000000000000e+02
-3.000000000000000000e+02
-3.000000000000000000e+02
-3.000000000000000000e+02
-3.000000000000000000e+02
-3.000000000000000000e+02
-3.000000000000000000e+02
-3.000000000000000000e+02
-3.000000000000000000e+02
-3.000000000000000000e+02
-3.000000000000000000e+02
-3.000000000000000000e+02
-3.000000000000000000e+02
-3.000000000000000000e+02
-3.000000000000000000e+02
-3.000000000000000000e+02
-3.000000000000000000e+02
-3.000000000000000000e+02
-3.000000000000000000e+02
-3.000000000000000000e+02
-3.000000000000000000e+02
-3.000000000000000000e+02
-3.000000000000000000e+02
-3.000000000000000000e+02
-3.000000000000000000e+02
-3.000000000000000000e+02
-3.000000000000000000e+02
-3.000000000000000000e+02
-3.000000000000000000e+02
-3.000000000000000000e+02
-3.000000000000000000e+02
-3.000000000000000000e+02
-3.000000000000000000e+02
-3.000000000000000000e+02
-3.000000000000000000e+02
-3.000000000000000000e+02
-3.000000000000000000e+02
-3.000000000000000000e+02
-3.000000000000000000e+02
-3.000000000000000000e+02
-3.000000000000000000e+02
-3.000000000000000000e+02
-3.000000000000000000e+02
-3.000000000000000000e+02
-3.000000000000000000e+02
-3.000000000000000000e+02
-3.000000000000000000e+02
-3.000000000000000000e+02
-3.000000000000000000e+02
-3.000000000000000000e+02
-3.000000000000000000e+02
-3.000000000000000000e+02
-3.000000000000000000e+02
-3.000000000000000000e+02
-3.000000000000000000e+02
-3.000000000000000000e+02
-3.000000000000000000e+02
-3.000000000000000000e+02
-3.000000000000000000e+02
-3.000000000000000000e+02
-3.000000000000000000e+02
-3.000000000000000000e+02
-3.000000000000000000e+02
-3.000000000000000000e+02
-3.000000000000000000e+02
-3.000000000000000000e+02
-3.000000000000000000e+02
-3.000000000000000000e+02
-3.000000000000000000e+02
-3.000000000000000000e+02
-3.000000000000000000e+02
-3.000000000000000000e+02
-3.000000000000000000e+02
-3.000000000000000000e+02
-3.000000000000000000e+02
-3.000000000000000000e+02
-3.000000000000000000e+02
-3.000000000000000000e+02
-3.000000000000000000e+02
-3.000000000000000000e+02
-3.000000000000000000e+02
-3.000000000000000000e+02
-3.000000000000000000e+02
-3.000000000000000000e+02
-5.000000000000000000e+01
-3.000000000000000000e+02
-3.000000000000000000e+02
-3.000000000000000000e+02
-3.000000000000000000e+02
-3.000000000000000000e+02
-3.000000000000000000e+02
-3.000000000000000000e+02
-3.000000000000000000e+02
-3.000000000000000000e+02
-3.000000000000000000e+02
-3.000000000000000000e+02
-3.000000000000000000e+02
-3.000000000000000000e+02
-3.000000000000000000e+02
-3.000000000000000000e+02
-3.000000000000000000e+02
-3.000000000000000000e+02
-3.000000000000000000e+02
-3.000000000000000000e+02
-3.000000000000000000e+02
-3.000000000000000000e+02
-3.000000000000000000e+02
-3.000000000000000000e+02
-3.000000000000000000e+02
-3.000000000000000000e+02
-3.000000000000000000e+02
-3.000000000000000000e+02
-3.000000000000000000e+02
-3.000000000000000000e+02
-3.000000000000000000e+02
-3.000000000000000000e+02
-3.000000000000000000e+02
-3.000000000000000000e+02
-3.000000000000000000e+02
-3.000000000000000000e+02
-3.000000000000000000e+02
-3.000000000000000000e+02
-3.000000000000000000e+02
-3.000000000000000000e+02
-3.000000000000000000e+02
-3.000000000000000000e+02
-3.000000000000000000e+02
-3.000000000000000000e+02
-3.000000000000000000e+02
-3.000000000000000000e+02
-3.000000000000000000e+02
-3.000000000000000000e+02
-3.000000000000000000e+02
-3.000000000000000000e+02
-3.000000000000000000e+02
-3.000000000000000000e+02
-3.000000000000000000e+02
-3.000000000000000000e+02
-3.000000000000000000e+02
-3.000000000000000000e+02
-3.000000000000000000e+02
-3.000000000000000000e+02
-3.000000000000000000e+02
-3.000000000000000000e+02
-3.000000000000000000e+02
-3.000000000000000000e+02
6.300000000000000000e+01
-3.000000000000000000e+02
-3.000000000000000000e+02
-3.000000000000000000e+02
-3.000000000000000000e+02
-3.000000000000000000e+02
-3.000000000000000000e+02
-3.000000000000000000e+02
-3.000000000000000000e+02
-3.000000000000000000e+02
-3.000000000000000000e+02
-3.000000000000000000e+02
-3.000000000000000000e+02
-3.000000000000000000e+02
-3.000000000000000000e+02
-3.000000000000000000e+02
-3.000000000000000000e+02
-3.000000000000000000e+02
-3.000000000000000000e+02
-3.000000000000000000e+02
-3.000000000000000000e+02
-3.000000000000000000e+02
-3.000000000000000000e+02
-3.000000000000000000e+02
-3.000000000000000000e+02
-3.000000000000000000e+02
-3.000000000000000000e+02
-3.000000000000000000e+02
-3.000000000000000000e+02
-3.000000000000000000e+02
-3.000000000000000000e+02
-3.000000000000000000e+02
-3.000000000000000000e+02
-3.000000000000000000e+02
-3.000000000000000000e+02
-3.000000000000000000e+02
-3.000000000000000000e+02
-3.000000000000000000e+02
-3.000000000000000000e+02
-3.000000000000000000e+02
-3.000000000000000000e+02
-3.000000000000000000e+02
-3.000000000000000000e+02
-3.000000000000000000e+02
-3.000000000000000000e+02
-3.000000000000000000e+02
-3.000000000000000000e+02
-3.000000000000000000e+02
-3.000000000000000000e+02
-3.000000000000000000e+02
-3.000000000000000000e+02
-3.000000000000000000e+02
-3.000000000000000000e+02
-3.000000000000000000e+02
-3.000000000000000000e+02
-3.000000000000000000e+02
-3.000000000000000000e+02
-3.000000000000000000e+02
-3.000000000000000000e+02
-3.000000000000000000e+02
-3.000000000000000000e+02
-3.000000000000000000e+02
-3.000000000000000000e+02
-3.000000000000000000e+02
3.000000000000000000e+01
-3.000000000000000000e+02
-3.000000000000000000e+02
-3.000000000000000000e+02
-3.000000000000000000e+02
-3.000000000000000000e+02
-3.000000000000000000e+02
-3.000000000000000000e+02
-3.000000000000000000e+02
-3.000000000000000000e+02
-3.000000000000000000e+02
-3.000000000000000000e+02
-3.000000000000000000e+02
-3.000000000000000000e+02
-3.000000000000000000e+02
-3.000000000000000000e+02
-9.200000000000000000e+01
-3.000000000000000000e+02
-1.460000000000000000e+02
-3.000000000000000000e+02
-3.000000000000000000e+02
-3.000000000000000000e+02
-3.000000000000000000e+02
-3.000000000000000000e+02
-3.000000000000000000e+02
-3.000000000000000000e+02
2.400000000000000000e+01
-3.000000000000000000e+02
-3.000000000000000000e+02
-3.000000000000000000e+02
-3.000000000000000000e+02
-3.000000000000000000e+02
-3.000000000000000000e+02
-3.000000000000000000e+02
-3.000000000000000000e+02
-3.000000000000000000e+02
-3.000000000000000000e+02
-3.000000000000000000e+02
-3.000000000000000000e+02
-3.000000000000000000e+02
-3.000000000000000000e+02
-3.000000000000000000e+02
-3.000000000000000000e+02
-3.000000000000000000e+02
-3.000000000000000000e+02
-3.000000000000000000e+02
-3.000000000000000000e+02
-3.000000000000000000e+02
-3.000000000000000000e+02
-3.000000000000000000e+02
-3.000000000000000000e+02
-3.000000000000000000e+02
-3.000000000000000000e+02
-3.000000000000000000e+02
-3.000000000000000000e+02
-3.000000000000000000e+02
-3.000000000000000000e+02
-3.000000000000000000e+02
-3.000000000000000000e+02
-3.000000000000000000e+02
-3.000000000000000000e+02
-3.000000000000000000e+02
-3.000000000000000000e+02
-3.000000000000000000e+02
-3.000000000000000000e+02
-3.000000000000000000e+02
-3.000000000000000000e+02
-3.000000000000000000e+02
-3.000000000000000000e+02
-3.000000000000000000e+02
-3.000000000000000000e+02
-3.000000000000000000e+02
-3.000000000000000000e+02
-3.000000000000000000e+02
-3.000000000000000000e+02
-3.000000000000000000e+02
-3.000000000000000000e+02
-3.000000000000000000e+02
-3.000000000000000000e+02
-3.000000000000000000e+02
-3.000000000000000000e+02
-3.000000000000000000e+02
-3.000000000000000000e+02
-3.000000000000000000e+02
-3.000000000000000000e+02
-3.000000000000000000e+02
-3.000000000000000000e+02
-3.000000000000000000e+02
-3.000000000000000000e+02
-3.000000000000000000e+02
-3.000000000000000000e+02
-3.000000000000000000e+02
-3.000000000000000000e+02
-3.000000000000000000e+02
-3.000000000000000000e+02
-3.000000000000000000e+02
-3.000000000000000000e+02
-3.000000000000000000e+02
-3.000000000000000000e+02
-3.000000000000000000e+02
-3.000000000000000000e+02
-3.000000000000000000e+02
-3.000000000000000000e+02
-3.000000000000000000e+02
-3.000000000000000000e+02
-3.000000000000000000e+02
-3.000000000000000000e+02
-3.000000000000000000e+02
-3.000000000000000000e+02
-3.000000000000000000e+02
-3.000000000000000000e+02
-3.000000000000000000e+02
-3.000000000000000000e+02
-3.000000000000000000e+02
-3.000000000000000000e+02
-3.000000000000000000e+02
-3.000000000000000000e+02
-3.000000000000000000e+02
-3.000000000000000000e+02
-3.000000000000000000e+02
-3.000000000000000000e+02
-3.000000000000000000e+02
-3.000000000000000000e+02
-3.000000000000000000e+02
-3.000000000000000000e+02
-3.000000000000000000e+02
-3.000000000000000000e+02
-3.000000000000000000e+02
-3.000000000000000000e+02
-3.000000000000000000e+02
-3.000000000000000000e+02
-3.000000000000000000e+02
-3.000000000000000000e+02
-3.000000000000000000e+02
-3.000000000000000000e+02
-3.000000000000000000e+02
-3.000000000000000000e+02
-3.000000000000000000e+02
-3.000000000000000000e+02
-3.000000000000000000e+02
-3.000000000000000000e+02
-3.000000000000000000e+02
-3.000000000000000000e+02
-3.000000000000000000e+02
-3.000000000000000000e+02
-3.000000000000000000e+02
-3.000000000000000000e+02
-3.000000000000000000e+02
-3.000000000000000000e+02
-3.000000000000000000e+02
-3.000000000000000000e+02
-3.000000000000000000e+02
-3.000000000000000000e+02
-3.000000000000000000e+02
-3.000000000000000000e+02
-3.000000000000000000e+02
-3.000000000000000000e+02
-3.000000000000000000e+02
-3.000000000000000000e+02
-3.000000000000000000e+02
-3.000000000000000000e+02
-3.000000000000000000e+02
-3.000000000000000000e+02
-3.000000000000000000e+02
-3.000000000000000000e+02
-3.000000000000000000e+02
-3.000000000000000000e+02
-3.000000000000000000e+02
-3.000000000000000000e+02
-3.000000000000000000e+02
-3.000000000000000000e+02
-3.000000000000000000e+02
-3.000000000000000000e+02
-3.000000000000000000e+02
-3.000000000000000000e+02
-3.000000000000000000e+02
-3.000000000000000000e+02
-3.000000000000000000e+02
-3.000000000000000000e+02
-3.000000000000000000e+02
-3.000000000000000000e+02
-3.000000000000000000e+02
-3.000000000000000000e+02
-3.000000000000000000e+02
-3.000000000000000000e+02
-3.600000000000000000e+01
-3.000000000000000000e+02
-3.000000000000000000e+02
-1.060000000000000000e+02
-3.000000000000000000e+02
-3.000000000000000000e+02
-3.000000000000000000e+02
-3.000000000000000000e+02
-1.100000000000000000e+02
-3.000000000000000000e+02
-3.000000000000000000e+02
-3.000000000000000000e+02
-3.000000000000000000e+02
-3.000000000000000000e+02
-3.000000000000000000e+02
-3.000000000000000000e+02
-3.000000000000000000e+02
-3.000000000000000000e+02
-3.000000000000000000e+02
-3.000000000000000000e+02
-3.000000000000000000e+02
-3.000000000000000000e+02
-3.000000000000000000e+02
-3.000000000000000000e+02
-3.000000000000000000e+02
-3.000000000000000000e+02
-3.000000000000000000e+02
-3.000000000000000000e+02
-3.000000000000000000e+02
-3.000000000000000000e+02
-3.000000000000000000e+02
-3.000000000000000000e+02
-3.000000000000000000e+02
-3.000000000000000000e+02
-3.000000000000000000e+02
-3.000000000000000000e+02
-3.000000000000000000e+02
2.300000000000000000e+01
-2.200000000000000000e+01
-3.000000000000000000e+02
-3.000000000000000000e+02
-3.000000000000000000e+02
-3.000000000000000000e+02
-3.000000000000000000e+02
-3.000000000000000000e+02
-3.000000000000000000e+02
-3.000000000000000000e+02
-3.000000000000000000e+02
-3.000000000000000000e+02
-3.000000000000000000e+02
-3.000000000000000000e+02
-3.000000000000000000e+02
-3.000000000000000000e+02
-3.000000000000000000e+02
-3.000000000000000000e+02
-3.000000000000000000e+02
-3.000000000000000000e+02
-3.000000000000000000e+02
-3.000000000000000000e+02
-3.000000000000000000e+02
-3.000000000000000000e+02
-3.000000000000000000e+02
-3.000000000000000000e+02
-3.000000000000000000e+02
-3.000000000000000000e+02
-3.000000000000000000e+02
-3.000000000000000000e+02
-3.000000000000000000e+02
-3.000000000000000000e+02
-3.000000000000000000e+02
-3.000000000000000000e+02
-3.000000000000000000e+02
-3.000000000000000000e+02
-3.000000000000000000e+02
-3.000000000000000000e+02
-3.000000000000000000e+02
-3.000000000000000000e+02
-3.000000000000000000e+02
-3.000000000000000000e+02
-3.000000000000000000e+02
-3.000000000000000000e+02
-3.000000000000000000e+02
-3.000000000000000000e+02
-3.000000000000000000e+02
-3.000000000000000000e+02
-3.000000000000000000e+02
-3.000000000000000000e+02
-3.000000000000000000e+02
-3.000000000000000000e+02
-3.000000000000000000e+02
-3.000000000000000000e+02
-3.000000000000000000e+02
-3.000000000000000000e+02
-3.000000000000000000e+02
-3.000000000000000000e+02
-3.000000000000000000e+02
-3.000000000000000000e+02
-3.000000000000000000e+02
-3.000000000000000000e+02
-3.000000000000000000e+02
-3.000000000000000000e+02
-3.000000000000000000e+02
-3.000000000000000000e+02
-3.000000000000000000e+02
-3.000000000000000000e+02
-3.000000000000000000e+02
-3.000000000000000000e+02
-3.000000000000000000e+02
-3.000000000000000000e+02
-3.000000000000000000e+02
-3.000000000000000000e+02
-3.000000000000000000e+02
-3.000000000000000000e+02
-3.000000000000000000e+02
-3.000000000000000000e+02
-3.000000000000000000e+02
-3.000000000000000000e+02
-3.000000000000000000e+02
-3.000000000000000000e+02
-3.000000000000000000e+02
-3.000000000000000000e+02
-3.000000000000000000e+02
-3.000000000000000000e+02
-3.000000000000000000e+02
-3.000000000000000000e+02
-3.000000000000000000e+02
-3.000000000000000000e+02
-3.000000000000000000e+02
-3.000000000000000000e+02
-3.000000000000000000e+02
-3.000000000000000000e+02
-3.000000000000000000e+02
-3.000000000000000000e+02
-3.000000000000000000e+02
-3.000000000000000000e+02
-3.000000000000000000e+02
-3.000000000000000000e+02
-3.000000000000000000e+02
-3.000000000000000000e+02
-3.000000000000000000e+02
-3.000000000000000000e+02
-3.000000000000000000e+02
-3.000000000000000000e+02
-3.000000000000000000e+02
-3.000000000000000000e+02
-3.000000000000000000e+02
-3.000000000000000000e+02
-3.000000000000000000e+02
-3.000000000000000000e+02
-3.000000000000000000e+02
-3.000000000000000000e+02
-3.000000000000000000e+02
-3.000000000000000000e+02
-3.000000000000000000e+02
-3.000000000000000000e+02
-3.000000000000000000e+02
-3.000000000000000000e+02
-3.000000000000000000e+02
-3.000000000000000000e+02
-3.000000000000000000e+02
-3.000000000000000000e+02
-3.000000000000000000e+02
-3.000000000000000000e+02
-3.000000000000000000e+02
-3.000000000000000000e+02
-3.000000000000000000e+02
-3.000000000000000000e+02
-3.000000000000000000e+02
-3.000000000000000000e+02
-3.000000000000000000e+02
-3.000000000000000000e+02
-3.000000000000000000e+02
-3.000000000000000000e+02
-3.000000000000000000e+02
-3.000000000000000000e+02
-3.000000000000000000e+02
-3.000000000000000000e+02
-3.000000000000000000e+02
-3.000000000000000000e+02
-3.000000000000000000e+02
-3.000000000000000000e+02
-3.000000000000000000e+02
-3.000000000000000000e+02
-3.000000000000000000e+02
-3.000000000000000000e+02
-3.000000000000000000e+02
-3.000000000000000000e+02
-3.000000000000000000e+02
-3.000000000000000000e+02
-3.000000000000000000e+02
-3.000000000000000000e+02
-3.000000000000000000e+02
-3.000000000000000000e+02
-3.000000000000000000e+02
-3.000000000000000000e+02
-3.000000000000000000e+02
-3.000000000000000000e+02
-3.000000000000000000e+02
-3.000000000000000000e+02
-3.000000000000000000e+02
-3.000000000000000000e+02
-3.000000000000000000e+02
-3.000000000000000000e+02
-3.000000000000000000e+02
-3.000000000000000000e+02
-3.000000000000000000e+02
5.700000000000000000e+01
-3.000000000000000000e+02
-1.910000000000000000e+02
5.800000000000000000e+01
-3.000000000000000000e+02
-3.000000000000000000e+02
-3.000000000000000000e+02
-3.000000000000000000e+02
-3.000000000000000000e+02
-3.000000000000000000e+02
-3.000000000000000000e+02
-3.000000000000000000e+02
-3.000000000000000000e+02
-3.000000000000000000e+02
-3.000000000000000000e+02
-3.000000000000000000e+02
-3.000000000000000000e+02
-3.000000000000000000e+02
-3.000000000000000000e+02
-3.000000000000000000e+02
-3.000000000000000000e+02
-3.000000000000000000e+02
-3.000000000000000000e+02
-3.000000000000000000e+02
-3.000000000000000000e+02
-3.000000000000000000e+02
-3.000000000000000000e+02
-3.000000000000000000e+02
-3.000000000000000000e+02
-3.000000000000000000e+02
-3.000000000000000000e+02
-3.000000000000000000e+02
-3.000000000000000000e+02
-3.000000000000000000e+02
-3.000000000000000000e+02
-3.000000000000000000e+02
-3.000000000000000000e+02
-3.000000000000000000e+02
-3.000000000000000000e+02
-3.000000000000000000e+02
-3.000000000000000000e+02
-3.000000000000000000e+02
-3.000000000000000000e+02
-3.000000000000000000e+02
-3.000000000000000000e+02
-3.000000000000000000e+02
-3.000000000000000000e+02
-3.000000000000000000e+02
-3.000000000000000000e+02
-3.000000000000000000e+02
-3.000000000000000000e+02
-8.000000000000000000e+00
-3.000000000000000000e+02
-3.000000000000000000e+02
-3.000000000000000000e+02
-3.000000000000000000e+02
-3.000000000000000000e+02
-3.000000000000000000e+02
-3.000000000000000000e+02
-3.000000000000000000e+02
-3.000000000000000000e+02
-3.000000000000000000e+02
-3.000000000000000000e+02
-3.000000000000000000e+02
-3.000000000000000000e+02
-3.000000000000000000e+02
-3.000000000000000000e+02
-3.000000000000000000e+02
-3.000000000000000000e+02
-3.000000000000000000e+02
-3.000000000000000000e+02
-3.000000000000000000e+02
-3.000000000000000000e+02
-3.000000000000000000e+02
-3.000000000000000000e+02
-3.000000000000000000e+02
-3.000000000000000000e+02
-3.000000000000000000e+02
-3.000000000000000000e+02
-3.000000000000000000e+02
-3.000000000000000000e+02
-3.000000000000000000e+02
-3.000000000000000000e+02
-3.000000000000000000e+02
-3.000000000000000000e+02
-3.000000000000000000e+02
-3.000000000000000000e+02
-3.000000000000000000e+02
-3.000000000000000000e+02
-3.000000000000000000e+02
-3.000000000000000000e+02
-3.000000000000000000e+02
-3.000000000000000000e+02
-3.000000000000000000e+02
-3.000000000000000000e+02
-3.000000000000000000e+02
-3.000000000000000000e+02
-3.000000000000000000e+02
-3.000000000000000000e+02
-3.000000000000000000e+02
-3.000000000000000000e+02
-3.000000000000000000e+02
-3.000000000000000000e+02
-3.000000000000000000e+02
-3.000000000000000000e+02
-3.000000000000000000e+02
2.400000000000000000e+01
-3.000000000000000000e+02
-3.000000000000000000e+02
-3.000000000000000000e+02
-3.000000000000000000e+02
-3.000000000000000000e+02
-3.000000000000000000e+02
-3.000000000000000000e+02
-3.000000000000000000e+02
-3.000000000000000000e+02
-3.000000000000000000e+02
-3.000000000000000000e+02
-3.000000000000000000e+02
-3.000000000000000000e+02
-3.000000000000000000e+02
-3.000000000000000000e+02
-3.000000000000000000e+02
-3.000000000000000000e+02
-3.000000000000000000e+02
-2.500000000000000000e+01
-3.000000000000000000e+02
