-3.000000000000000000e+02
-3.000000000000000000e+02
-3.000000000000000000e+02
-3.000000000000000000e+02
-3.000000000000000000e+02
-3.000000000000000000e+02
-3.000000000000000000e+02
-3.000000000000000000e+02
-3.000000000000000000e+02
-3.000000000000000000e+02
-3.000000000000000000e+02
-3.000000000000000000e+02
-3.000000000000000000e+02
-3.000000000000000000e+02
-3.000000000000000000e+02
-3.000000000000000000e+02
-3.000000000000000000e+02
-3.000000000000000000e+02
-3.000000000000000000e+02
-3.000000000000000000e+02
-3.000000000000000000e+02
-3.000000000000000000e+02
-3.000000000000000000e+02
-3.000000000000000000e+02
-3.000000000000000000e+02
-3.000000000000000000e+02
-3.000000000000000000e+02
-3.000000000000000000e+02
-3.000000000000000000e+02
-3.000000000000000000e+02
-3.000000000000000000e+02
-3.000000000000000000e+02
-3.000000000000000000e+02
-3.000000000000000000e+02
-3.000000000000000000e+02
-3.000000000000000000e+02
-3.000000000000000000e+02
-3.000000000000000000e+02
-3.000000000000000000e+02
-3.000000000000000000e+02
-3.000000000000000000e+02
-3.000000000000000000e+02
-3.000000000000000000e+02
-3.000000000000000000e+02
-3.000000000000000000e+02
-3.000000000000000000e+02
-3.000000000000000000e+02
-3.000000000000000000e+02
-3.000000000000000000e+02
-3.000000000000000000e+02
-3.000000000000000000e+02
-3.000000000000000000e+02
-3.000000000000000000e+02
-3.000000000000000000e+02
-3.000000000000000000e+02
-3.000000000000000000e+02
-3.000000000000000000e+02
-3.000000000000000000e+02
-3.000000000000000000e+02
-3.000000000000000000e+02
-3.000000000000000000e+02
-3.000000000000000000e+02
-3.000000000000000000e+02
-3.000000000000000000e+02
-3.000000000000000000e+02
-3.000000000000000000e+02
-3.000000000000000000e+02
-3.000000000000000000e+02
-3.000000000000000000e+02
-3.000000000000000000e+02
-3.000000000000000000e+02
-3.000000000000000000e+02
-3.000000000000000000e+02
-3.000000000000000000e+02
-3.000000000000000000e+02
-3.000000000000000000e+02
-3.000000000000000000e+02
-3.000000000000000000e+02
-3.000000000000000000e+02
-3.000000000000000000e+02
-3.000000000000000000e+02
-3.000000000000000000e+02
-3.000000000000000000e+02
-3.000000000000000000e+02
-3.000000000000000000e+02
-3.000000000000000000e+02
-3.000000000000000000e+02
-3.000000000000000000e+02
-3.000000000000000000e+02
-3.000000000000000000e+02
-3.000000000000000000e+02
-3.000000000000000000e+02
-3.000000000000000000e+02
-3.000000000000000000e+02
-3.000000000000000000e+02
-3.000000000000000000e+02
-3.000000000000000000e+02
-3.000000000000000000e+02
-3.000000000000000000e+02
-3.000000000000000000e+02
-3.000000000000000000e+02
-3.000000000000000000e+02
-3.000000000000000000e+02
-3.000000000000000000e+02
-3.000000000000000000e+02
-3.000000000000000000e+02
-3.000000000000000000e+02
-3.000000000000000000e+02
-3.000000000000000000e+02
-3.000000000000000000e+02
-3.000000000000000000e+02
-3.000000000000000000e+02
-3.000000000000000000e+02
-3.000000000000000000e+02
-3.000000000000000000e+02
-3.000000000000000000e+02
-3.000000000000000000e+02
-3.000000000000000000e+02
-3.000000000000000000e+02
-3.000000000000000000e+02
-3.000000000000000000e+02
-3.000000000000000000e+02
-3.000000000000000000e+02
-3.000000000000000000e+02
-3.000000000000000000e+02
-3.000000000000000000e+02
-3.000000000000000000e+02
-3.000000000000000000e+02
-1.140000000000000000e+02
-3.000000000000000000e+02
-3.000000000000000000e+02
-3.000000000000000000e+02
-3.000000000000000000e+02
-3.000000000000000000e+02
-3.000000000000000000e+02
-3.000000000000000000e+02
-3.000000000000000000e+02
-3.000000000000000000e+02
-3.000000000000000000e+02
1.100000000000000000e+01
-3.000000000000000000e+02
-3.000000000000000000e+02
-3.000000000000000000e+02
-7.200000000000000000e+01
-3.000000000000000000e+02
-3.000000000000000000e+02
-3.000000000000000000e+02
-3.000000000000000000e+02
-3.000000000000000000e+02
-3.000000000000000000e+02
-3.000000000000000000e+02
-3.000000000000000000e+02
-3.000000000000000000e+02
-3.000000000000000000e+02
-3.000000000000000000e+02
-3.000000000000000000e+02
-3.000000000000000000e+02
-3.000000000000000000e+02
-3.000000000000000000e+02
-3.000000000000000000e+02
-3.000000000000000000e+02
-3.000000000000000000e+02
-3.000000000000000000e+02
-3.000000000000000000e+02
-3.000000000000000000e+02
-3.000000000000000000e+02
-3.000000000000000000e+02
-3.000000000000000000e+02
-3.000000000000000000e+02
-3.000000000000000000e+02
-3.000000000000000000e+02
-3.000000000000000000e+02
-3.000000000000000000e+02
-3.000000000000000000e+02
-3.000000000000000000e+02
-3.000000000000000000e+02
-3.000000000000000000e+02
-3.000000000000000000e+02
-3.000000000000000000e+02
-3.000000000000000000e+02
-3.000000000000000000e+02
-3.000000000000000000e+02
-3.000000000000000000e+02
-3.000000000000000000e+02
-3.000000000000000000e+02
-3.000000000000000000e+02
-3.000000000000000000e+02
-3.000000000000000000e+02
-3.000000000000000000e+02
-3.000000000000000000e+02
-3.000000000000000000e+02
-3.000000000000000000e+02
-3.000000000000000000e+02
-3.000000000000000000e+02
-3.000000000000000000e+02
-3.000000000000000000e+02
-3.000000000000000000e+02
-3.000000000000000000e+02
-3.000000000000000000e+02
-3.000000000000000000e+02
-3.000000000000000000e+02
-3.000000000000000000e+02
-3.000000000000000000e+02
-3.000000000000000000e+02
-3.000000000000000000e+02
-3.000000000000000000e+02
-3.000000000000000000e+02
-3.000000000000000000e+02
-3.000000000000000000e+02
-3.000000000000000000e+02
-3.000000000000000000e+02
-3.000000000000000000e+02
-3.000000000000000000e+02
-3.000000000000000000e+02
-3.000000000000000000e+02
-3.000000000000000000e+02
-3.000000000000000000e+02
-3.000000000000000000e+02
-3.000000000000000000e+02
-3.000000000000000000e+02
-3.000000000000000000e+02
-3.000000000000000000e+02
-3.000000000000000000e+02
-3.000000000000000000e+02
-3.000000000000000000e+02
-3.000000000000000000e+02
-3.000000000000000000e+02
-3.000000000000000000e+02
-3.000000000000000000e+02
-3.000000000000000000e+02
-3.000000000000000000e+02
-3.000000000000000000e+02
-3.000000000000000000e+02
-3.000000000000000000e+02
-3.000000000000000000e+02
-3.000000000000000000e+02
-3.000000000000000000e+02
-3.000000000000000000e+02
-3.000000000000000000e+02
-3.000000000000000000e+02
-3.000000000000000000e+02
-3.000000000000000000e+02
-3.000000000000000000e+02
-3.000000000000000000e+02
-3.000000000000000000e+02
-3.000000000000000000e+02
-3.000000000000000000e+02
-3.000000000000000000e+02
-3.000000000000000000e+02
-3.000000000000000000e+02
-3.000000000000000000e+02
-3.000000000000000000e+02
-3.000000000000000000e+02
-3.000000000000000000e+02
-3.000000000000000000e+02
-3.000000000000000000e+02
-3.000000000000000000e+02
-3.000000000000000000e+02
-3.000000000000000000e+02
-3.000000000000000000e+02
-3.000000000000000000e+02
-3.000000000000000000e+02
-3.000000000000000000e+02
-3.000000000000000000e+02
-3.000000000000000000e+02
-3.000000000000000000e+02
-3.000000000000000000e+02
-3.000000000000000000e+02
-3.000000000000000000e+02
-3.000000000000000000e+02
-3.000000000000000000e+02
-3.000000000000000000e+02
-3.000000000000000000e+02
-3.000000000000000000e+02
-3.000000000000000000e+02
-3.000000000000000000e+02
-3.000000000000000000e+02
-3.000000000000000000e+02
-3.000000000000000000e+02
-3.000000000000000000e+02
-3.000000000000000000e+02
-3.000000000000000000e+02
-3.000000000000000000e+02
-3.000000000000000000e+02
-3.000000000000000000e+02
-3.000000000000000000e+02
-3.000000000000000000e+02
-3.000000000000000000e+02
-3.000000000000000000e+02
-3.000000000000000000e+02
-3.000000000000000000e+02
-3.000000000000000000e+02
-3.000000000000000000e+02
-3.000000000000000000e+02
-3.000000000000000000e+02
-3.000000000000000000e+02
-3.000000000000000000e+02
-3.000000000000000000e+02
-3.000000000000000000e+02
-3.000000000000000000e+02
-3.000000000000000000e+02
-3.000000000000000000e+02
-3.000000000000000000e+02
-3.000000000000000000e+02
7.000000000000000000e+00
-3.000000000000000000e+02
-3.000000000000000000e+02
-3.000000000000000000e+02
-3.000000000000000000e+02
-3.000000000000000000e+02
-3.000000000000000000e+02
-3.000000000000000000e+02
-3.000000000000000000e+02
-3.000000000000000000e+02
-3.000000000000000000e+02
-3.000000000000000000e+02
-3.000000000000000000e+02
-3.000000000000000000e+02
-3.000000000000000000e+02
-3.000000000000000000e+02
-3.000000000000000000e+02
-3.000000000000000000e+02
-3.000000000000000000e+02
-3.000000000000000000e+02
-3.000000000000000000e+02
-3.000000000000000000e+02
-3.000000000000000000e+02
-3.000000000000000000e+02
-3.000000000000000000e+02
-3.000000000000000000e+02
-3.000000000000000000e+02
-3.000000000000000000e+02
-6.000000000000000000e+00
-3.000000000000000000e+02
-3.000000000000000000e+02
-3.000000000000000000e+02
-3.000000000000000000e+02
-3.000000000000000000e+02
-3.000000000000000000e+02
-3.000000000000000000e+02
-3.000000000000000000e+02
-3.000000000000000000e+02
-3.000000000000000000e+02
-3.000000000000000000e+02
-3.000000000000000000e+02
-3.000000000000000000e+02
-3.000000000000000000e+02
-3.000000000000000000e+02
-3.000000000000000000e+02
-3.000000000000000000e+02
-3.000000000000000000e+02
-3.000000000000000000e+02
-3.000000000000000000e+02
-3.000000000000000000e+02
-3.000000000000000000e+02
-3.000000000000000000e+02
-3.000000000000000000e+02
-3.000000000000000000e+02
-3.000000000000000000e+02
-3.000000000000000000e+02
-3.000000000000000000e+02
-3.000000000000000000e+02
-3.000000000000000000e+02
-3.000000000000000000e+02
-3.000000000000000000e+02
9.000000000000000000e+00
-3.000000000000000000e+02
-3.000000000000000000e+02
-3.000000000000000000e+02
-3.000000000000000000e+02
-3.000000000000000000e+02
-3.000000000000000000e+02
-3.000000000000000000e+02
-3.000000000000000000e+02
-3.000000000000000000e+02
-3.000000000000000000e+02
-3.000000000000000000e+02
-3.000000000000000000e+02
-3.000000000000000000e+02
-3.000000000000000000e+02
-3.000000000000000000e+02
-3.000000000000000000e+02
-3.000000000000000000e+02
-3.000000000000000000e+02
-3.000000000000000000e+02
-3.000000000000000000e+02
-3.000000000000000000e+02
-1.970000000000000000e+02
-3.000000000000000000e+02
-3.000000000000000000e+02
-3.000000000000000000e+02
-3.000000000000000000e+02
-3.000000000000000000e+02
-3.000000000000000000e+02
-3.000000000000000000e+02
-3.000000000000000000e+02
-3.000000000000000000e+02
-3.000000000000000000e+02
-3.000000000000000000e+02
-3.000000000000000000e+02
-3.000000000000000000e+02
-3.000000000000000000e+02
-3.000000000000000000e+02
-3.000000000000000000e+02
-3.000000000000000000e+02
-3.000000000000000000e+02
-3.000000000000000000e+02
-8.300000000000000000e+01
-3.000000000000000000e+02
-3.000000000000000000e+02
-3.000000000000000000e+02
2.900000000000000000e+01
-3.000000000000000000e+02
-3.000000000000000000e+02
-3.000000000000000000e+02
-3.000000000000000000e+02
-3.000000000000000000e+02
-3.000000000000000000e+02
-3.000000000000000000e+02
-3.000000000000000000e+02
-3.000000000000000000e+02
-3.000000000000000000e+02
-3.000000000000000000e+02
-3.000000000000000000e+02
-3.000000000000000000e+02
-3.000000000000000000e+02
-3.000000000000000000e+02
-3.000000000000000000e+02
-3.000000000000000000e+02
-3.000000000000000000e+02
-3.000000000000000000e+02
-3.000000000000000000e+02
-3.000000000000000000e+02
-3.000000000000000000e+02
-3.000000000000000000e+02
-3.000000000000000000e+02
-3.000000000000000000e+02
5.400000000000000000e+01
-3.000000000000000000e+02
-3.000000000000000000e+02
-3.000000000000000000e+02
-3.000000000000000000e+02
-3.000000000000000000e+02
-3.000000000000000000e+02
-3.000000000000000000e+02
-3.000000000000000000e+02
-3.000000000000000000e+02
-3.000000000000000000e+02
-3.000000000000000000e+02
-3.000000000000000000e+02
-3.000000000000000000e+02
-3.000000000000000000e+02
-3.000000000000000000e+02
-3.000000000000000000e+02
-3.000000000000000000e+02
-3.000000000000000000e+02
-3.000000000000000000e+02
-3.000000000000000000e+02
-3.000000000000000000e+02
-3.000000000000000000e+02
-3.000000000000000000e+02
-3.000000000000000000e+02
-3.000000000000000000e+02
-3.000000000000000000e+02
-3.000000000000000000e+02
-3.000000000000000000e+02
-3.000000000000000000e+02
-3.000000000000000000e+02
-3.000000000000000000e+02
-3.000000000000000000e+02
-3.000000000000000000e+02
-3.000000000000000000e+02
-3.000000000000000000e+02
-3.000000000000000000e+02
-3.000000000000000000e+02
-3.000000000000000000e+02
-3.000000000000000000e+02
-3.000000000000000000e+02
-3.000000000000000000e+02
-3.000000000000000000e+02
-3.000000000000000000e+02
-3.000000000000000000e+02
-3.000000000000000000e+02
-3.000000000000000000e+02
-3.000000000000000000e+02
-3.000000000000000000e+02
-3.000000000000000000e+02
-3.000000000000000000e+02
-3.000000000000000000e+02
-3.000000000000000000e+02
-3.000000000000000000e+02
-3.000000000000000000e+02
-3.000000000000000000e+02
-3.000000000000000000e+02
-3.000000000000000000e+02
-3.000000000000000000e+02
-3.000000000000000000e+02
-3.000000000000000000e+02
-3.000000000000000000e+02
-3.000000000000000000e+02
-3.000000000000000000e+02
-3.000000000000000000e+02
-3.000000000000000000e+02
-3.000000000000000000e+02
-3.000000000000000000e+02
-3.000000000000000000e+02
-3.000000000000000000e+02
-3.000000000000000000e+02
-3.000000000000000000e+02
-3.000000000000000000e+02
-3.000000000000000000e+02
-3.000000000000000000e+02
-3.000000000000000000e+02
-3.000000000000000000e+02
-3.000000000000000000e+02
-3.000000000000000000e+02
-3.000000000000000000e+02
-3.000000000000000000e+02
-3.000000000000000000e+02
-3.000000000000000000e+02
-3.000000000000000000e+02
-3.000000000000000000e+02
-3.000000000000000000e+02
-3.000000000000000000e+02
-3.000000000000000000e+02
-3.000000000000000000e+02
-3.000000000000000000e+02
-3.000000000000000000e+02
-3.000000000000000000e+02
-3.000000000000000000e+02
-3.000000000000000000e+02
-3.000000000000000000e+02
-3.000000000000000000e+02
-3.000000000000000000e+02
-3.000000000000000000e+02
-3.000000000000000000e+02
-3.000000000000000000e+02
-3.000000000000000000e+02
-3.000000000000000000e+02
-3.000000000000000000e+02
-3.000000000000000000e+02
-3.000000000000000000e+02
-3.000000000000000000e+02
-3.000000000000000000e+02
-3.000000000000000000e+02
-3.000000000000000000e+02
-3.000000000000000000e+02
-3.000000000000000000e+02
-3.000000000000000000e+02
-3.000000000000000000e+02
-3.000000000000000000e+02
-1.020000000000000000e+02
-3.000000000000000000e+02
-3.000000000000000000e+02
-3.000000000000000000e+02
3.900000000000000000e+01
-3.000000000000000000e+02
-3.000000000000000000e+02
-3.000000000000000000e+02
-3.000000000000000000e+02
-3.000000000000000000e+02
-3.000000000000000000e+02
-3.000000000000000000e+02
-3.000000000000000000e+02
-3.000000000000000000e+02
-3.000000000000000000e+02
-3.000000000000000000e+02
-3.000000000000000000e+02
-3.000000000000000000e+02
-3.000000000000000000e+02
-3.000000000000000000e+02
-3.000000000000000000e+02
-3.000000000000000000e+02
-3.000000000000000000e+02
-3.000000000000000000e+02
-3.000000000000000000e+02
-3.000000000000000000e+02
-3.000000000000000000e+02
-3.000000000000000000e+02
-3.000000000000000000e+02
-3.000000000000000000e+02
-3.000000000000000000e+02
-3.000000000000000000e+02
-3.000000000000000000e+02
-3.000000000000000000e+02
-3.000000000000000000e+02
-3.000000000000000000e+02
9.000000000000000000e+00
-3.000000000000000000e+02
-3.000000000000000000e+02
-3.200000000000000000e+01
-3.000000000000000000e+02
-3.000000000000000000e+02
-3.000000000000000000e+02
-3.000000000000000000e+02
-3.000000000000000000e+02
-3.000000000000000000e+02
-3.000000000000000000e+02
-3.000000000000000000e+02
-3.000000000000000000e+02
-3.000000000000000000e+02
-3.000000000000000000e+02
-3.000000000000000000e+02
-3.000000000000000000e+02
-3.000000000000000000e+02
-3.000000000000000000e+02
-3.000000000000000000e+02
-3.000000000000000000e+02
-3.000000000000000000e+02
-3.000000000000000000e+02
-5.900000000000000000e+01
-3.000000000000000000e+02
-3.000000000000000000e+02
-3.000000000000000000e+02
-3.000000000000000000e+02
-3.000000000000000000e+02
-3.000000000000000000e+02
-3.000000000000000000e+02
-3.000000000000000000e+02
-3.000000000000000000e+02
5.400000000000000000e+01
-3.000000000000000000e+02
-3.000000000000000000e+02
-3.000000000000000000e+02
-3.000000000000000000e+02
-1.800000000000000000e+01
-3.000000000000000000e+02
-1.130000000000000000e+02
-3.000000000000000000e+02
-3.000000000000000000e+02
-3.000000000000000000e+02
-3.000000000000000000e+02
7.000000000000000000e+00
-3.000000000000000000e+02
-3.000000000000000000e+02
-3.000000000000000000e+02
-3.000000000000000000e+02
-3.000000000000000000e+02
-3.000000000000000000e+02
-3.000000000000000000e+02
-3.000000000000000000e+02
-3.000000000000000000e+02
-3.000000000000000000e+02
-3.000000000000000000e+02
-3.000000000000000000e+02
-3.000000000000000000e+02
-3.000000000000000000e+02
-3.000000000000000000e+02
-3.000000000000000000e+02
-3.000000000000000000e+02
-3.000000000000000000e+02
-3.000000000000000000e+02
-3.000000000000000000e+02
-3.000000000000000000e+02
-3.000000000000000000e+02
-3.000000000000000000e+02
-3.000000000000000000e+02
-3.000000000000000000e+02
-3.000000000000000000e+02
-3.000000000000000000e+02
-3.000000000000000000e+02
-3.000000000000000000e+02
-3.000000000000000000e+02
-3.000000000000000000e+02
-3.000000000000000000e+02
-3.000000000000000000e+02
-3.000000000000000000e+02
-3.000000000000000000e+02
-3.000000000000000000e+02
-3.000000000000000000e+02
-3.000000000000000000e+02
-3.000000000000000000e+02
-3.000000000000000000e+02
-3.000000000000000000e+02
-3.000000000000000000e+02
-3.000000000000000000e+02
-3.000000000000000000e+02
-3.000000000000000000e+02
-3.000000000000000000e+02
-3.000000000000000000e+02
-3.000000000000000000e+02
-3.000000000000000000e+02
-3.000000000000000000e+02
-3.000000000000000000e+02
-3.000000000000000000e+02
-3.000000000000000000e+02
-3.000000000000000000e+02
-3.000000000000000000e+02
-3.000000000000000000e+02
-3.000000000000000000e+02
-3.000000000000000000e+02
-3.000000000000000000e+02
-3.000000000000000000e+02
-3.000000000000000000e+02
-3.000000000000000000e+02
-3.000000000000000000e+02
-3.000000000000000000e+02
-3.000000000000000000e+02
-3.000000000000000000e+02
-3.000000000000000000e+02
-3.000000000000000000e+02
-3.000000000000000000e+02
-3.000000000000000000e+02
-3.000000000000000000e+02
-3.000000000000000000e+02
-3.000000000000000000e+02
-3.000000000000000000e+02
-3.000000000000000000e+02
-3.000000000000000000e+02
1.800000000000000000e+01
-3.000000000000000000e+02
-3.000000000000000000e+02
-3.000000000000000000e+02
-3.000000000000000000e+02
-3.000000000000000000e+02
-3.000000000000000000e+02
-3.000000000000000000e+02
-3.000000000000000000e+02
-3.000000000000000000e+02
-3.000000000000000000e+02
-3.000000000000000000e+02
-3.000000000000000000e+02
-3.000000000000000000e+02
-3.000000000000000000e+02
-3.000000000000000000e+02
-3.000000000000000000e+02
-3.000000000000000000e+02
-3.000000000000000000e+02
-3.000000000000000000e+02
-3.000000000000000000e+02
-3.000000000000000000e+02
-3.000000000000000000e+02
-3.000000000000000000e+02
-3.000000000000000000e+02
-3.000000000000000000e+02
-3.000000000000000000e+02
-3.000000000000000000e+02
-3.000000000000000000e+02
-3.000000000000000000e+02
-3.000000000000000000e+02
-3.000000000000000000e+02
-3.000000000000000000e+02
-3.000000000000000000e+02
-3.000000000000000000e+02
-3.000000000000000000e+02
-3.000000000000000000e+02
-3.000000000000000000e+02
-3.000000000000000000e+02
-3.000000000000000000e+02
-3.000000000000000000e+02
-3.000000000000000000e+02
-3.000000000000000000e+02
-3.000000000000000000e+02
-3.000000000000000000e+02
-3.000000000000000000e+02
-3.000000000000000000e+02
-3.000000000000000000e+02
-3.000000000000000000e+02
-3.000000000000000000e+02
-3.000000000000000000e+02
-3.000000000000000000e+02
-3.000000000000000000e+02
-3.000000000000000000e+02
-3.000000000000000000e+02
-3.000000000000000000e+02
-3.000000000000000000e+02
-3.000000000000000000e+02
-3.000000000000000000e+02
-3.000000000000000000e+02
-3.000000000000000000e+02
-3.000000000000000000e+02
-3.000000000000000000e+02
-3.000000000000000000e+02
-3.000000000000000000e+02
-3.000000000000000000e+02
-3.000000000000000000e+02
-3.000000000000000000e+02
-3.000000000000000000e+02
-3.000000000000000000e+02
-3.000000000000000000e+02
-3.000000000000000000e+02
-3.000000000000000000e+02
-3.000000000000000000e+02
-3.000000000000000000e+02
-3.000000000000000000e+02
-3.000000000000000000e+02
-3.000000000000000000e+02
-3.000000000000000000e+02
-3.000000000000000000e+02
-3.000000000000000000e+02
-3.000000000000000000e+02
-3.000000000000000000e+02
-3.000000000000000000e+02
-3.000000000000000000e+02
-3.000000000000000000e+02
-3.000000000000000000e+02
-3.000000000000000000e+02
-3.000000000000000000e+02
-3.000000000000000000e+02
-3.000000000000000000e+02
-3.000000000000000000e+02
-3.000000000000000000e+02
-3.000000000000000000e+02
-3.000000000000000000e+02
-3.000000000000000000e+02
-3.000000000000000000e+02
-3.000000000000000000e+02
-3.000000000000000000e+02
-3.000000000000000000e+02
-3.000000000000000000e+02
-3.000000000000000000e+02
-3.000000000000000000e+02
-3.000000000000000000e+02
-3.000000000000000000e+02
-3.000000000000000000e+02
-3.000000000000000000e+02
-3.000000000000000000e+02
-3.000000000000000000e+02
-3.000000000000000000e+02
-3.000000000000000000e+02
-3.000000000000000000e+02
-3.000000000000000000e+02
-3.000000000000000000e+02
-3.000000000000000000e+02
-3.000000000000000000e+02
-3.000000000000000000e+02
-3.000000000000000000e+02
-8.600000000000000000e+01
-3.000000000000000000e+02
-3.000000000000000000e+02
-1.910000000000000000e+02
-3.000000000000000000e+02
-3.000000000000000000e+02
-3.000000000000000000e+02
-3.000000000000000000e+02
-3.000000000000000000e+02
-3.000000000000000000e+02
-3.000000000000000000e+02
-3.000000000000000000e+02
-3.000000000000000000e+02
-3.000000000000000000e+02
-3.000000000000000000e+02
-3.000000000000000000e+02
-3.000000000000000000e+02
-3.000000000000000000e+02
-3.000000000000000000e+02
-3.000000000000000000e+02
-3.000000000000000000e+02
-3.000000000000000000e+02
-3.000000000000000000e+02
5.900000000000000000e+01
-3.000000000000000000e+02
-3.000000000000000000e+02
-3.000000000000000000e+02
-3.000000000000000000e+02
-3.000000000000000000e+02
-3.000000000000000000e+02
6.100000000000000000e+01
6.200000000000000000e+01
-3.000000000000000000e+02
-3.000000000000000000e+02
-3.000000000000000000e+02
-3.000000000000000000e+02
-3.000000000000000000e+02
-3.000000000000000000e+02
5.700000000000000000e+01
-3.000000000000000000e+02
-3.000000000000000000e+02
-3.000000000000000000e+02
-3.000000000000000000e+02
-3.000000000000000000e+02
-3.000000000000000000e+02
-3.000000000000000000e+02
-3.000000000000000000e+02
-3.000000000000000000e+02
-3.000000000000000000e+02
-3.000000000000000000e+02
-3.000000000000000000e+02
-3.000000000000000000e+02
-3.000000000000000000e+02
-3.000000000000000000e+02
-3.000000000000000000e+02
-3.000000000000000000e+02
-3.000000000000000000e+02
-3.000000000000000000e+02
-3.000000000000000000e+02
-3.000000000000000000e+02
-3.000000000000000000e+02
-3.000000000000000000e+02
-3.000000000000000000e+02
-3.000000000000000000e+02
-3.000000000000000000e+02
-3.000000000000000000e+02
-3.000000000000000000e+02
-3.000000000000000000e+02
-3.000000000000000000e+02
-3.000000000000000000e+02
-3.000000000000000000e+02
-3.000000000000000000e+02
-3.000000000000000000e+02
-3.000000000000000000e+02
-3.000000000000000000e+02
-3.000000000000000000e+02
-3.000000000000000000e+02
-3.000000000000000000e+02
-3.000000000000000000e+02
-3.000000000000000000e+02
-3.000000000000000000e+02
-3.000000000000000000e+02
-3.000000000000000000e+02
-3.000000000000000000e+02
-3.000000000000000000e+02
-3.000000000000000000e+02
-3.000000000000000000e+02
-3.100000000000000000e+01
-3.000000000000000000e+02
-3.000000000000000000e+02
-3.000000000000000000e+02
-3.000000000000000000e+02
-3.000000000000000000e+02
-3.000000000000000000e+02
-3.000000000000000000e+02
-3.000000000000000000e+02
-3.000000000000000000e+02
-3.000000000000000000e+02
-3.000000000000000000e+02
-3.000000000000000000e+02
-3.000000000000000000e+02
-3.000000000000000000e+02
-3.000000000000000000e+02
-3.000000000000000000e+02
-3.000000000000000000e+02
-3.000000000000000000e+02
-3.000000000000000000e+02
-3.000000000000000000e+02
-3.000000000000000000e+02
-3.000000000000000000e+02
-3.000000000000000000e+02
-3.000000000000000000e+02
-3.000000000000000000e+02
-3.000000000000000000e+02
-3.000000000000000000e+02
-3.000000000000000000e+02
-3.000000000000000000e+02
-1.500000000000000000e+02
-3.000000000000000000e+02
-7.000000000000000000e+00
-3.000000000000000000e+02
-3.000000000000000000e+02
-3.000000000000000000e+02
-3.000000000000000000e+02
-3.000000000000000000e+02
-3.000000000000000000e+02
6.200000000000000000e+01
-3.000000000000000000e+02
-3.000000000000000000e+02
-3.000000000000000000e+02
-3.000000000000000000e+02
-3.000000000000000000e+02
-3.000000000000000000e+02
-3.000000000000000000e+02
-3.000000000000000000e+02
-3.000000000000000000e+02
-3.000000000000000000e+02
-3.000000000000000000e+02
-3.000000000000000000e+02
-3.000000000000000000e+02
-3.000000000000000000e+02
-3.000000000000000000e+02
-3.000000000000000000e+02
-3.000000000000000000e+02
-3.000000000000000000e+02
-3.000000000000000000e+02
-3.000000000000000000e+02
-3.000000000000000000e+02
-3.000000000000000000e+02
-3.000000000000000000e+02
-3.000000000000000000e+02
-3.000000000000000000e+02
-3.000000000000000000e+02
-3.000000000000000000e+02
-3.000000000000000000e+02
-3.000000000000000000e+02
-3.000000000000000000e+02
-3.000000000000000000e+02
-3.000000000000000000e+02
-3.000000000000000000e+02
-3.000000000000000000e+02
-3.000000000000000000e+02
-3.000000000000000000e+02
-3.000000000000000000e+02
-1.760000000000000000e+02
-3.000000000000000000e+02
-3.000000000000000000e+02
-3.000000000000000000e+02
-3.000000000000000000e+02
-3.000000000000000000e+02
-3.000000000000000000e+02
-3.000000000000000000e+02
-3.000000000000000000e+02
