-3.000000000000000000e+02
-3.000000000000000000e+02
-3.000000000000000000e+02
-3.000000000000000000e+02
-3.000000000000000000e+02
-3.000000000000000000e+02
-3.000000000000000000e+02
-3.000000000000000000e+02
-3.000000000000000000e+02
-3.000000000000000000e+02
-3.000000000000000000e+02
-3.000000000000000000e+02
-3.000000000000000000e+02
-3.000000000000000000e+02
-3.000000000000000000e+02
-3.000000000000000000e+02
-3.000000000000000000e+02
-3.000000000000000000e+02
-3.000000000000000000e+02
-3.000000000000000000e+02
-3.000000000000000000e+02
-3.000000000000000000e+02
-3.000000000000000000e+02
-3.000000000000000000e+02
-3.000000000000000000e+02
-3.000000000000000000e+02
-3.000000000000000000e+02
-3.000000000000000000e+02
-3.000000000000000000e+02
-3.000000000000000000e+02
-3.000000000000000000e+02
-3.000000000000000000e+02
-3.000000000000000000e+02
-3.000000000000000000e+02
-3.000000000000000000e+02
-3.000000000000000000e+02
-3.000000000000000000e+02
-3.000000000000000000e+02
-3.000000000000000000e+02
-3.000000000000000000e+02
-3.000000000000000000e+02
-3.000000000000000000e+02
-3.000000000000000000e+02
-3.000000000000000000e+02
-3.000000000000000000e+02
-3.000000000000000000e+02
-3.000000000000000000e+02
-3.000000000000000000e+02
-3.000000000000000000e+02
-3.000000000000000000e+02
-3.000000000000000000e+02
-3.000000000000000000e+02
-3.000000000000000000e+02
-3.000000000000000000e+02
-3.000000000000000000e+02
-3.000000000000000000e+02
-3.000000000000000000e+02
-3.000000000000000000e+02
-3.000000000000000000e+02
-3.000000000000000000e+02
-3.000000000000000000e+02
-3.000000000000000000e+02
-3.000000000000000000e+02
-3.000000000000000000e+02
-3.000000000000000000e+02
-3.000000000000000000e+02
-3.000000000000000000e+02
-3.000000000000000000e+02
-3.000000000000000000e+02
-3.000000000000000000e+02
-3.000000000000000000e+02
-3.000000000000000000e+02
-3.000000000000000000e+02
-3.000000000000000000e+02
-3.000000000000000000e+02
-3.000000000000000000e+02
-3.000000000000000000e+02
-3.000000000000000000e+02
-3.000000000000000000e+02
-3.000000000000000000e+02
-3.000000000000000000e+02
-3.000000000000000000e+02
-3.000000000000000000e+02
-3.000000000000000000e+02
-3.000000000000000000e+02
-3.000000000000000000e+02
-3.000000000000000000e+02
-3.000000000000000000e+02
-3.000000000000000000e+02
-3.000000000000000000e+02
-3.000000000000000000e+02
-3.000000000000000000e+02
-3.000000000000000000e+02
-3.000000000000000000e+02
-3.000000000000000000e+02
2.900000000000000000e+01
-3.000000000000000000e+02
-3.000000000000000000e+02
-3.000000000000000000e+02
-3.000000000000000000e+02
-3.000000000000000000e+02
-3.000000000000000000e+02
-3.000000000000000000e+02
-3.000000000000000000e+02
-3.000000000000000000e+02
-3.000000000000000000e+02
-3.000000000000000000e+02
-3.000000000000000000e+02
-3.000000000000000000e+02
-3.000000000000000000e+02
-3.000000000000000000e+02
-3.000000000000000000e+02
-3.000000000000000000e+02
-3.000000000000000000e+02
-3.000000000000000000e+02
-3.000000000000000000e+02
-3.000000000000000000e+02
-3.000000000000000000e+02
-3.000000000000000000e+02
-3.000000000000000000e+02
-3.000000000000000000e+02
-3.000000000000000000e+02
-3.000000000000000000e+02
-3.000000000000000000e+02
-3.000000000000000000e+02
-3.000000000000000000e+02
-3.000000000000000000e+02
-3.000000000000000000e+02
-3.000000000000000000e+02
-3.000000000000000000e+02
-3.000000000000000000e+02
-1.100000000000000000e+01
-3.000000000000000000e+02
-3.000000000000000000e+02
-3.000000000000000000e+02
-3.000000000000000000e+02
-3.000000000000000000e+02
-3.000000000000000000e+02
-3.000000000000000000e+02
-3.000000000000000000e+02
-3.000000000000000000e+02
-3.000000000000000000e+02
-3.000000000000000000e+02
-3.000000000000000000e+02
-3.000000000000000000e+02
-3.000000000000000000e+02
-3.000000000000000000e+02
-3.000000000000000000e+02
-3.000000000000000000e+02
-3.000000000000000000e+02
-3.000000000000000000e+02
-3.000000000000000000e+02
-3.000000000000000000e+02
-3.000000000000000000e+02
-3.000000000000000000e+02
-3.000000000000000000e+02
-3.000000000000000000e+02
-3.000000000000000000e+02
-3.000000000000000000e+02
-3.000000000000000000e+02
-3.000000000000000000e+02
-3.000000000000000000e+02
-3.000000000000000000e+02
-3.000000000000000000e+02
-3.000000000000000000e+02
-3.000000000000000000e+02
-3.000000000000000000e+02
-3.000000000000000000e+02
-6.300000000000000000e+01
-3.000000000000000000e+02
-3.000000000000000000e+02
-3.000000000000000000e+02
-3.000000000000000000e+02
-3.000000000000000000e+02
-3.000000000000000000e+02
-3.000000000000000000e+02
-3.000000000000000000e+02
-3.000000000000000000e+02
-3.000000000000000000e+02
-3.000000000000000000e+02
-3.000000000000000000e+02
-3.000000000000000000e+02
-3.000000000000000000e+02
-3.000000000000000000e+02
-3.000000000000000000e+02
-3.000000000000000000e+02
-3.000000000000000000e+02
-3.000000000000000000e+02
-3.000000000000000000e+02
-3.000000000000000000e+02
-3.000000000000000000e+02
-3.000000000000000000e+02
-3.000000000000000000e+02
-6.600000000000000000e+01
-3.000000000000000000e+02
-3.000000000000000000e+02
-3.000000000000000000e+02
-3.000000000000000000e+02
-3.000000000000000000e+02
-3.000000000000000000e+02
-3.000000000000000000e+02
-3.000000000000000000e+02
-3.000000000000000000e+02
-3.000000000000000000e+02
-3.000000000000000000e+02
-3.000000000000000000e+02
-3.000000000000000000e+02
-3.000000000000000000e+02
-3.000000000000000000e+02
-3.000000000000000000e+02
-3.000000000000000000e+02
-3.000000000000000000e+02
-3.000000000000000000e+02
-3.000000000000000000e+02
-3.000000000000000000e+02
-3.000000000000000000e+02
-3.000000000000000000e+02
-3.000000000000000000e+02
-3.000000000000000000e+02
-3.000000000000000000e+02
-3.000000000000000000e+02
-3.000000000000000000e+02
-3.000000000000000000e+02
-3.000000000000000000e+02
-3.000000000000000000e+02
-3.000000000000000000e+02
-3.000000000000000000e+02
-3.000000000000000000e+02
-3.000000000000000000e+02
-3.000000000000000000e+02
-3.000000000000000000e+02
-3.000000000000000000e+02
-3.000000000000000000e+02
-3.000000000000000000e+02
-3.000000000000000000e+02
-3.000000000000000000e+02
-3.000000000000000000e+02
-3.000000000000000000e+02
-3.000000000000000000e+02
-3.000000000000000000e+02
-3.000000000000000000e+02
-3.000000000000000000e+02
-3.000000000000000000e+02
-3.000000000000000000e+02
-3.000000000000000000e+02
-3.000000000000000000e+02
-3.000000000000000000e+02
-3.000000000000000000e+02
-3.000000000000000000e+02
-3.000000000000000000e+02
-3.000000000000000000e+02
-3.000000000000000000e+02
-3.000000000000000000e+02
-3.000000000000000000e+02
-3.000000000000000000e+02
-3.000000000000000000e+02
-3.000000000000000000e+02
-3.000000000000000000e+02
-3.000000000000000000e+02
-3.000000000000000000e+02
-3.000000000000000000e+02
-3.000000000000000000e+02
-3.000000000000000000e+02
-3.000000000000000000e+02
-3.000000000000000000e+02
-3.000000000000000000e+02
-3.000000000000000000e+02
-3.000000000000000000e+02
-3.000000000000000000e+02
-3.000000000000000000e+02
-3.000000000000000000e+02
-3.000000000000000000e+02
-3.000000000000000000e+02
-3.000000000000000000e+02
-3.000000000000000000e+02
-3.000000000000000000e+02
-3.000000000000000000e+02
-3.000000000000000000e+02
-3.000000000000000000e+02
-3.000000000000000000e+02
-3.000000000000000000e+02
-3.000000000000000000e+02
-3.000000000000000000e+02
-3.000000000000000000e+02
-3.000000000000000000e+02
-3.000000000000000000e+02
-3.000000000000000000e+02
-3.000000000000000000e+02
-3.000000000000000000e+02
-3.000000000000000000e+02
-3.000000000000000000e+02
-3.000000000000000000e+02
-3.000000000000000000e+02
-3.000000000000000000e+02
-3.000000000000000000e+02
-3.000000000000000000e+02
-3.000000000000000000e+02
-3.000000000000000000e+02
-3.000000000000000000e+02
-3.000000000000000000e+02
-3.000000000000000000e+02
-3.000000000000000000e+02
-3.000000000000000000e+02
-3.000000000000000000e+02
-3.000000000000000000e+02
-3.000000000000000000e+02
-3.000000000000000000e+02
-3.000000000000000000e+02
-3.000000000000000000e+02
-3.000000000000000000e+02
-3.000000000000000000e+02
-3.000000000000000000e+02
-3.000000000000000000e+02
-3.000000000000000000e+02
-3.000000000000000000e+02
-3.000000000000000000e+02
-3.000000000000000000e+02
-3.000000000000000000e+02
-3.000000000000000000e+02
-3.000000000000000000e+02
-3.000000000000000000e+02
-3.000000000000000000e+02
-3.000000000000000000e+02
-3.000000000000000000e+02
-3.000000000000000000e+02
-3.000000000000000000e+02
-3.000000000000000000e+02
-3.000000000000000000e+02
-3.000000000000000000e+02
-3.000000000000000000e+02
-3.000000000000000000e+02
-3.000000000000000000e+02
-3.000000000000000000e+02
-3.000000000000000000e+02
-3.000000000000000000e+02
-3.000000000000000000e+02
-3.000000000000000000e+02
-3.000000000000000000e+02
-3.000000000000000000e+02
-3.000000000000000000e+02
-3.000000000000000000e+02
-3.000000000000000000e+02
-3.000000000000000000e+02
-3.000000000000000000e+02
-3.000000000000000000e+02
-3.000000000000000000e+02
-3.000000000000000000e+02
-3.000000000000000000e+02
-3.000000000000000000e+02
-3.000000000000000000e+02
-3.000000000000000000e+02
-3.000000000000000000e+02
-3.000000000000000000e+02
-3.000000000000000000e+02
-3.000000000000000000e+02
-3.000000000000000000e+02
-3.000000000000000000e+02
-3.000000000000000000e+02
-3.000000000000000000e+02
-3.000000000000000000e+02
-3.000000000000000000e+02
-3.000000000000000000e+02
-3.000000000000000000e+02
-3.000000000000000000e+02
-3.000000000000000000e+02
-3.000000000000000000e+02
-3.000000000000000000e+02
-3.000000000000000000e+02
-3.000000000000000000e+02
-3.000000000000000000e+02
-3.000000000000000000e+02
-3.000000000000000000e+02
-3.000000000000000000e+02
-3.000000000000000000e+02
-3.000000000000000000e+02
-3.000000000000000000e+02
-3.000000000000000000e+02
-3.000000000000000000e+02
-3.000000000000000000e+02
-3.000000000000000000e+02
-3.000000000000000000e+02
-3.000000000000000000e+02
-3.000000000000000000e+02
-3.000000000000000000e+02
-3.000000000000000000e+02
-3.000000000000000000e+02
-3.000000000000000000e+02
-3.000000000000000000e+02
-3.000000000000000000e+02
-3.000000000000000000e+02
-3.000000000000000000e+02
-3.000000000000000000e+02
-3.000000000000000000e+02
-3.000000000000000000e+02
-3.000000000000000000e+02
-3.000000000000000000e+02
-3.000000000000000000e+02
-3.000000000000000000e+02
-3.000000000000000000e+02
-3.000000000000000000e+02
-3.000000000000000000e+02
-3.000000000000000000e+02
-3.000000000000000000e+02
-3.000000000000000000e+02
-3.000000000000000000e+02
-3.000000000000000000e+02
-3.000000000000000000e+02
-3.000000000000000000e+02
-3.000000000000000000e+02
-3.000000000000000000e+02
-3.000000000000000000e+02
-3.000000000000000000e+02
-3.000000000000000000e+02
-3.000000000000000000e+02
-3.000000000000000000e+02
-3.000000000000000000e+02
-3.000000000000000000e+02
5.400000000000000000e+01
-3.000000000000000000e+02
-3.000000000000000000e+02
-3.000000000000000000e+02
-3.000000000000000000e+02
-3.000000000000000000e+02
-3.000000000000000000e+02
-3.000000000000000000e+02
-3.000000000000000000e+02
-3.000000000000000000e+02
-3.000000000000000000e+02
-3.000000000000000000e+02
-3.000000000000000000e+02
-3.000000000000000000e+02
-3.000000000000000000e+02
-3.000000000000000000e+02
-3.000000000000000000e+02
-3.000000000000000000e+02
-3.000000000000000000e+02
-3.000000000000000000e+02
-3.000000000000000000e+02
-3.000000000000000000e+02
-3.000000000000000000e+02
-3.000000000000000000e+02
-3.000000000000000000e+02
-3.000000000000000000e+02
-3.000000000000000000e+02
-3.000000000000000000e+02
-3.000000000000000000e+02
-3.000000000000000000e+02
-3.000000000000000000e+02
-3.000000000000000000e+02
-1.740000000000000000e+02
-3.000000000000000000e+02
-3.000000000000000000e+02
-3.000000000000000000e+02
-3.000000000000000000e+02
-3.000000000000000000e+02
-3.000000000000000000e+02
-3.000000000000000000e+02
-3.000000000000000000e+02
-3.000000000000000000e+02
-3.000000000000000000e+02
2.200000000000000000e+01
-3.000000000000000000e+02
-3.000000000000000000e+02
-3.000000000000000000e+02
-3.000000000000000000e+02
-3.000000000000000000e+02
-3.000000000000000000e+02
-3.000000000000000000e+02
-3.000000000000000000e+02
-3.000000000000000000e+02
-3.000000000000000000e+02
-3.000000000000000000e+02
-3.000000000000000000e+02
-3.000000000000000000e+02
-3.000000000000000000e+02
-3.000000000000000000e+02
-3.000000000000000000e+02
-3.000000000000000000e+02
-3.000000000000000000e+02
-3.000000000000000000e+02
-3.000000000000000000e+02
-3.000000000000000000e+02
-3.000000000000000000e+02
-3.000000000000000000e+02
-3.000000000000000000e+02
-3.000000000000000000e+02
-3.000000000000000000e+02
-3.000000000000000000e+02
-3.000000000000000000e+02
-3.000000000000000000e+02
-3.000000000000000000e+02
-3.000000000000000000e+02
-3.000000000000000000e+02
-3.000000000000000000e+02
-3.000000000000000000e+02
-3.000000000000000000e+02
-3.000000000000000000e+02
6.100000000000000000e+01
-3.000000000000000000e+02
-3.000000000000000000e+02
-3.000000000000000000e+02
-3.000000000000000000e+02
-3.000000000000000000e+02
-3.000000000000000000e+02
-3.000000000000000000e+02
-3.000000000000000000e+02
-3.000000000000000000e+02
-3.000000000000000000e+02
-3.000000000000000000e+02
-3.000000000000000000e+02
-3.000000000000000000e+02
-3.000000000000000000e+02
-3.000000000000000000e+02
-3.000000000000000000e+02
-3.000000000000000000e+02
-3.000000000000000000e+02
-3.000000000000000000e+02
-3.000000000000000000e+02
-3.000000000000000000e+02
-3.000000000000000000e+02
-3.000000000000000000e+02
-3.000000000000000000e+02
-3.000000000000000000e+02
-3.000000000000000000e+02
-3.000000000000000000e+02
-3.000000000000000000e+02
-3.000000000000000000e+02
-3.000000000000000000e+02
-3.000000000000000000e+02
-3.000000000000000000e+02
-3.000000000000000000e+02
-3.000000000000000000e+02
-5.900000000000000000e+01
-3.000000000000000000e+02
-3.000000000000000000e+02
-4.600000000000000000e+01
-3.000000000000000000e+02
-3.000000000000000000e+02
-3.000000000000000000e+02
-3.000000000000000000e+02
-3.000000000000000000e+02
-3.000000000000000000e+02
-1.090000000000000000e+02
-3.000000000000000000e+02
-3.000000000000000000e+02
-3.000000000000000000e+02
-3.000000000000000000e+02
-3.000000000000000000e+02
-3.000000000000000000e+02
-3.000000000000000000e+02
-3.000000000000000000e+02
-3.000000000000000000e+02
-3.000000000000000000e+02
-3.000000000000000000e+02
-3.000000000000000000e+02
-3.000000000000000000e+02
-3.000000000000000000e+02
-3.000000000000000000e+02
-3.000000000000000000e+02
-3.000000000000000000e+02
-3.000000000000000000e+02
-3.000000000000000000e+02
-3.000000000000000000e+02
-3.000000000000000000e+02
-3.000000000000000000e+02
-3.000000000000000000e+02
-3.000000000000000000e+02
-3.000000000000000000e+02
-3.000000000000000000e+02
-3.000000000000000000e+02
-3.000000000000000000e+02
-3.000000000000000000e+02
-3.000000000000000000e+02
-3.000000000000000000e+02
-3.000000000000000000e+02
-3.000000000000000000e+02
-3.000000000000000000e+02
-3.000000000000000000e+02
-3.000000000000000000e+02
-3.000000000000000000e+02
-3.000000000000000000e+02
-3.000000000000000000e+02
-3.000000000000000000e+02
-3.000000000000000000e+02
-3.000000000000000000e+02
-3.000000000000000000e+02
-3.000000000000000000e+02
-3.000000000000000000e+02
-3.000000000000000000e+02
-3.000000000000000000e+02
-3.000000000000000000e+02
-3.000000000000000000e+02
-3.000000000000000000e+02
-3.000000000000000000e+02
-3.000000000000000000e+02
-3.000000000000000000e+02
-3.000000000000000000e+02
-3.000000000000000000e+02
-3.000000000000000000e+02
-3.000000000000000000e+02
-3.000000000000000000e+02
-3.000000000000000000e+02
-3.000000000000000000e+02
-3.000000000000000000e+02
-3.000000000000000000e+02
-3.000000000000000000e+02
-3.000000000000000000e+02
-3.000000000000000000e+02
-3.000000000000000000e+02
-3.000000000000000000e+02
-3.000000000000000000e+02
-3.000000000000000000e+02
-8.500000000000000000e+01
-3.000000000000000000e+02
-3.000000000000000000e+02
-3.000000000000000000e+02
-3.000000000000000000e+02
-3.000000000000000000e+02
-3.000000000000000000e+02
-3.000000000000000000e+02
-3.000000000000000000e+02
-3.000000000000000000e+02
-3.000000000000000000e+02
-3.000000000000000000e+02
-3.000000000000000000e+02
-3.000000000000000000e+02
-3.000000000000000000e+02
-3.000000000000000000e+02
-3.000000000000000000e+02
-3.000000000000000000e+02
-3.000000000000000000e+02
-3.000000000000000000e+02
-3.000000000000000000e+02
-3.000000000000000000e+02
-3.000000000000000000e+02
-3.000000000000000000e+02
-3.000000000000000000e+02
-3.000000000000000000e+02
-3.000000000000000000e+02
-3.000000000000000000e+02
-3.000000000000000000e+02
-3.000000000000000000e+02
-3.000000000000000000e+02
-3.000000000000000000e+02
-3.000000000000000000e+02
-3.000000000000000000e+02
-3.000000000000000000e+02
-3.000000000000000000e+02
-3.000000000000000000e+02
-4.100000000000000000e+01
-3.000000000000000000e+02
-3.000000000000000000e+02
-3.000000000000000000e+02
-3.000000000000000000e+02
-3.000000000000000000e+02
-3.000000000000000000e+02
-3.000000000000000000e+02
-3.000000000000000000e+02
-3.000000000000000000e+02
-3.000000000000000000e+02
-3.000000000000000000e+02
-3.000000000000000000e+02
-3.000000000000000000e+02
-3.000000000000000000e+02
-3.000000000000000000e+02
-3.000000000000000000e+02
-3.000000000000000000e+02
-4.800000000000000000e+01
-3.000000000000000000e+02
-3.000000000000000000e+02
-3.000000000000000000e+02
-3.000000000000000000e+02
-3.000000000000000000e+02
-3.000000000000000000e+02
-3.000000000000000000e+02
-3.000000000000000000e+02
-3.000000000000000000e+02
-3.000000000000000000e+02
-3.000000000000000000e+02
-3.000000000000000000e+02
-3.000000000000000000e+02
-3.000000000000000000e+02
-3.000000000000000000e+02
-3.000000000000000000e+02
-3.000000000000000000e+02
-3.000000000000000000e+02
-3.000000000000000000e+02
-3.000000000000000000e+02
-3.000000000000000000e+02
-3.000000000000000000e+02
-3.000000000000000000e+02
-3.000000000000000000e+02
-3.000000000000000000e+02
-3.000000000000000000e+02
-3.000000000000000000e+02
-3.000000000000000000e+02
-3.000000000000000000e+02
-3.000000000000000000e+02
-3.000000000000000000e+02
-3.000000000000000000e+02
-3.000000000000000000e+02
-3.000000000000000000e+02
-3.000000000000000000e+02
1.400000000000000000e+01
-3.000000000000000000e+02
-3.000000000000000000e+02
-3.000000000000000000e+02
-3.000000000000000000e+02
-3.000000000000000000e+02
-3.000000000000000000e+02
-3.000000000000000000e+02
-3.000000000000000000e+02
-8.600000000000000000e+01
-3.000000000000000000e+02
-3.000000000000000000e+02
-3.000000000000000000e+02
-3.000000000000000000e+02
-3.000000000000000000e+02
-3.000000000000000000e+02
-3.000000000000000000e+02
-3.000000000000000000e+02
-3.000000000000000000e+02
-3.000000000000000000e+02
-3.000000000000000000e+02
-3.000000000000000000e+02
-3.000000000000000000e+02
-3.000000000000000000e+02
-3.000000000000000000e+02
-3.000000000000000000e+02
-3.000000000000000000e+02
-3.000000000000000000e+02
-3.000000000000000000e+02
-1.510000000000000000e+02
-3.000000000000000000e+02
-3.000000000000000000e+02
-3.000000000000000000e+02
-3.000000000000000000e+02
-3.000000000000000000e+02
-3.000000000000000000e+02
-3.000000000000000000e+02
6.000000000000000000e+01
-3.000000000000000000e+02
-3.000000000000000000e+02
-3.000000000000000000e+02
-3.000000000000000000e+02
-3.000000000000000000e+02
-3.000000000000000000e+02
-3.000000000000000000e+02
-3.000000000000000000e+02
-3.000000000000000000e+02
-3.000000000000000000e+02
-3.000000000000000000e+02
-3.000000000000000000e+02
-3.000000000000000000e+02
-3.000000000000000000e+02
-3.000000000000000000e+02
-3.000000000000000000e+02
-3.000000000000000000e+02
-3.000000000000000000e+02
-3.000000000000000000e+02
-3.000000000000000000e+02
-3.000000000000000000e+02
-3.000000000000000000e+02
-3.000000000000000000e+02
-3.000000000000000000e+02
-3.000000000000000000e+02
-3.000000000000000000e+02
-3.000000000000000000e+02
-3.000000000000000000e+02
-3.000000000000000000e+02
-3.000000000000000000e+02
-3.000000000000000000e+02
-3.000000000000000000e+02
-3.000000000000000000e+02
-3.000000000000000000e+02
-3.000000000000000000e+02
-3.000000000000000000e+02
-3.000000000000000000e+02
-3.000000000000000000e+02
-3.000000000000000000e+02
-3.000000000000000000e+02
-3.000000000000000000e+02
-3.000000000000000000e+02
-3.000000000000000000e+02
6.100000000000000000e+01
-3.000000000000000000e+02
-3.000000000000000000e+02
-3.000000000000000000e+02
-3.000000000000000000e+02
-3.000000000000000000e+02
-3.000000000000000000e+02
-3.000000000000000000e+02
-3.000000000000000000e+02
-3.000000000000000000e+02
-3.000000000000000000e+02
-3.000000000000000000e+02
-3.000000000000000000e+02
-3.000000000000000000e+02
-3.000000000000000000e+02
-3.000000000000000000e+02
-3.000000000000000000e+02
-3.000000000000000000e+02
-3.000000000000000000e+02
-3.000000000000000000e+02
-3.000000000000000000e+02
-3.000000000000000000e+02
-3.000000000000000000e+02
-3.000000000000000000e+02
-3.000000000000000000e+02
-3.000000000000000000e+02
-3.000000000000000000e+02
4.600000000000000000e+01
-3.000000000000000000e+02
-5.600000000000000000e+01
-3.000000000000000000e+02
-3.000000000000000000e+02
-3.000000000000000000e+02
-3.000000000000000000e+02
-3.000000000000000000e+02
-3.000000000000000000e+02
-3.000000000000000000e+02
-3.000000000000000000e+02
-3.000000000000000000e+02
-3.000000000000000000e+02
-3.000000000000000000e+02
-3.000000000000000000e+02
-3.000000000000000000e+02
-3.000000000000000000e+02
-3.000000000000000000e+02
-3.000000000000000000e+02
-3.000000000000000000e+02
-3.000000000000000000e+02
-3.000000000000000000e+02
-3.000000000000000000e+02
-3.000000000000000000e+02
-3.000000000000000000e+02
-3.000000000000000000e+02
-3.000000000000000000e+02
-3.000000000000000000e+02
-3.000000000000000000e+02
-3.000000000000000000e+02
-3.000000000000000000e+02
-3.000000000000000000e+02
-3.000000000000000000e+02
-3.000000000000000000e+02
-3.000000000000000000e+02
-3.000000000000000000e+02
-3.000000000000000000e+02
-3.000000000000000000e+02
-3.000000000000000000e+02
-3.000000000000000000e+02
-3.000000000000000000e+02
-3.000000000000000000e+02
-3.000000000000000000e+02
-3.000000000000000000e+02
6.400000000000000000e+01
-3.000000000000000000e+02
-3.000000000000000000e+02
-3.000000000000000000e+02
-3.000000000000000000e+02
-3.000000000000000000e+02
-3.000000000000000000e+02
-3.000000000000000000e+02
-3.000000000000000000e+02
-3.000000000000000000e+02
-3.000000000000000000e+02
-3.000000000000000000e+02
-3.000000000000000000e+02
-3.000000000000000000e+02
-3.000000000000000000e+02
-3.000000000000000000e+02
-3.000000000000000000e+02
-3.000000000000000000e+02
-3.000000000000000000e+02
-3.000000000000000000e+02
-3.000000000000000000e+02
-3.000000000000000000e+02
-3.000000000000000000e+02
-3.000000000000000000e+02
-3.000000000000000000e+02
-3.000000000000000000e+02
-3.000000000000000000e+02
-3.000000000000000000e+02
-3.000000000000000000e+02
-3.000000000000000000e+02
-3.000000000000000000e+02
-3.000000000000000000e+02
-3.000000000000000000e+02
-3.000000000000000000e+02
-3.000000000000000000e+02
-3.000000000000000000e+02
-3.000000000000000000e+02
-3.000000000000000000e+02
-3.000000000000000000e+02
-3.000000000000000000e+02
-3.000000000000000000e+02
-3.000000000000000000e+02
-3.000000000000000000e+02
-3.000000000000000000e+02
-3.000000000000000000e+02
-3.000000000000000000e+02
-3.000000000000000000e+02
-3.000000000000000000e+02
-3.000000000000000000e+02
-3.000000000000000000e+02
-3.000000000000000000e+02
-3.000000000000000000e+02
-3.000000000000000000e+02
-3.000000000000000000e+02
-3.000000000000000000e+02
-3.000000000000000000e+02
-3.000000000000000000e+02
-3.000000000000000000e+02
-3.000000000000000000e+02
-3.000000000000000000e+02
-3.000000000000000000e+02
-3.000000000000000000e+02
-3.000000000000000000e+02
-3.000000000000000000e+02
-3.000000000000000000e+02
-3.000000000000000000e+02
-3.000000000000000000e+02
-3.000000000000000000e+02
-3.000000000000000000e+02
-3.000000000000000000e+02
-3.000000000000000000e+02
-3.000000000000000000e+02
-3.000000000000000000e+02
-3.000000000000000000e+02
-3.000000000000000000e+02
-3.000000000000000000e+02
-3.000000000000000000e+02
-3.000000000000000000e+02
-3.000000000000000000e+02
-3.000000000000000000e+02
-3.000000000000000000e+02
-3.000000000000000000e+02
-3.000000000000000000e+02
-3.000000000000000000e+02
-3.000000000000000000e+02
-3.000000000000000000e+02
-3.000000000000000000e+02
-3.000000000000000000e+02
-3.000000000000000000e+02
-3.000000000000000000e+02
-3.000000000000000000e+02
-3.000000000000000000e+02
-3.000000000000000000e+02
-3.000000000000000000e+02
-3.000000000000000000e+02
-3.000000000000000000e+02
-3.000000000000000000e+02
-3.000000000000000000e+02
-3.000000000000000000e+02
-3.000000000000000000e+02
-3.000000000000000000e+02
-3.000000000000000000e+02
-3.000000000000000000e+02
-3.000000000000000000e+02
-3.000000000000000000e+02
-3.000000000000000000e+02
-3.000000000000000000e+02
-1.310000000000000000e+02
-3.000000000000000000e+02
-3.000000000000000000e+02
-3.000000000000000000e+02
-1.900000000000000000e+01
-3.000000000000000000e+02
-3.000000000000000000e+02
-3.000000000000000000e+02
-3.000000000000000000e+02
-3.000000000000000000e+02
-3.000000000000000000e+02
-3.000000000000000000e+02
-3.000000000000000000e+02
-3.000000000000000000e+02
-3.000000000000000000e+02
-3.000000000000000000e+02
-3.000000000000000000e+02
-3.000000000000000000e+02
-3.000000000000000000e+02
-3.000000000000000000e+02
-3.000000000000000000e+02
-3.000000000000000000e+02
-3.000000000000000000e+02
-3.000000000000000000e+02
-3.000000000000000000e+02
-3.000000000000000000e+02
-3.000000000000000000e+02
-3.000000000000000000e+02
-3.000000000000000000e+02
-3.000000000000000000e+02
-3.000000000000000000e+02
-3.000000000000000000e+02
-3.000000000000000000e+02
-3.000000000000000000e+02
-3.000000000000000000e+02
-3.000000000000000000e+02
-3.000000000000000000e+02
-3.000000000000000000e+02
