-3.000000000000000000e+02
-3.000000000000000000e+02
-3.000000000000000000e+02
-3.000000000000000000e+02
-3.000000000000000000e+02
-3.000000000000000000e+02
-3.000000000000000000e+02
-3.000000000000000000e+02
-3.000000000000000000e+02
-3.000000000000000000e+02
-3.000000000000000000e+02
-3.000000000000000000e+02
-3.000000000000000000e+02
-3.000000000000000000e+02
-3.000000000000000000e+02
-3.000000000000000000e+02
-3.000000000000000000e+02
-3.000000000000000000e+02
-3.000000000000000000e+02
-3.000000000000000000e+02
-3.000000000000000000e+02
-3.000000000000000000e+02
-3.000000000000000000e+02
-3.000000000000000000e+02
-3.000000000000000000e+02
-3.000000000000000000e+02
-3.000000000000000000e+02
-3.000000000000000000e+02
-3.000000000000000000e+02
-3.000000000000000000e+02
-3.000000000000000000e+02
-3.000000000000000000e+02
-3.000000000000000000e+02
-3.000000000000000000e+02
-3.000000000000000000e+02
-3.000000000000000000e+02
-3.000000000000000000e+02
-3.000000000000000000e+02
-3.000000000000000000e+02
-3.000000000000000000e+02
-3.000000000000000000e+02
-3.000000000000000000e+02
-3.000000000000000000e+02
-3.000000000000000000e+02
-3.000000000000000000e+02
-3.000000000000000000e+02
-3.000000000000000000e+02
-3.000000000000000000e+02
-3.000000000000000000e+02
-3.000000000000000000e+02
-3.000000000000000000e+02
-3.000000000000000000e+02
-3.000000000000000000e+02
-3.000000000000000000e+02
-3.000000000000000000e+02
-3.000000000000000000e+02
-3.000000000000000000e+02
-3.000000000000000000e+02
-3.000000000000000000e+02
-3.000000000000000000e+02
-3.000000000000000000e+02
-3.000000000000000000e+02
-3.000000000000000000e+02
-3.000000000000000000e+02
-3.000000000000000000e+02
-3.000000000000000000e+02
-3.000000000000000000e+02
-3.000000000000000000e+02
-3.000000000000000000e+02
-3.000000000000000000e+02
-3.000000000000000000e+02
-3.000000000000000000e+02
-3.000000000000000000e+02
-3.000000000000000000e+02
-3.000000000000000000e+02
-3.000000000000000000e+02
-3.000000000000000000e+02
-3.000000000000000000e+02
-3.000000000000000000e+02
-3.000000000000000000e+02
-3.000000000000000000e+02
-3.000000000000000000e+02
-3.000000000000000000e+02
-3.000000000000000000e+02
-3.000000000000000000e+02
-3.000000000000000000e+02
-3.000000000000000000e+02
-3.000000000000000000e+02
-3.000000000000000000e+02
-3.000000000000000000e+02
-3.000000000000000000e+02
-3.000000000000000000e+02
-3.000000000000000000e+02
-3.000000000000000000e+02
-3.000000000000000000e+02
-3.000000000000000000e+02
-3.000000000000000000e+02
-3.000000000000000000e+02
-3.000000000000000000e+02
-3.000000000000000000e+02
-3.000000000000000000e+02
-1.840000000000000000e+02
-3.000000000000000000e+02
-3.000000000000000000e+02
-3.000000000000000000e+02
-3.000000000000000000e+02
-3.000000000000000000e+02
-3.000000000000000000e+02
-3.000000000000000000e+02
-3.000000000000000000e+02
-3.000000000000000000e+02
-3.000000000000000000e+02
-3.000000000000000000e+02
-3.000000000000000000e+02
-3.000000000000000000e+02
-3.000000000000000000e+02
-3.000000000000000000e+02
-3.000000000000000000e+02
-3.000000000000000000e+02
-3.000000000000000000e+02
-3.000000000000000000e+02
-3.000000000000000000e+02
-1.470000000000000000e+02
-3.000000000000000000e+02
-3.000000000000000000e+02
-3.000000000000000000e+02
-3.000000000000000000e+02
-3.000000000000000000e+02
-3.000000000000000000e+02
-3.000000000000000000e+02
-3.000000000000000000e+02
-3.000000000000000000e+02
-3.000000000000000000e+02
-3.000000000000000000e+02
-3.000000000000000000e+02
-3.000000000000000000e+02
-3.000000000000000000e+02
-3.000000000000000000e+02
-3.000000000000000000e+02
-3.000000000000000000e+02
-3.000000000000000000e+02
-3.000000000000000000e+02
-3.000000000000000000e+02
-3.000000000000000000e+02
-3.000000000000000000e+02
-7.000000000000000000e+01
-3.000000000000000000e+02
-3.000000000000000000e+02
-3.000000000000000000e+02
-3.000000000000000000e+02
-3.000000000000000000e+02
-3.000000000000000000e+02
-3.000000000000000000e+02
-3.000000000000000000e+02
-3.000000000000000000e+02
-3.000000000000000000e+02
-3.000000000000000000e+02
-3.000000000000000000e+02
-3.000000000000000000e+02
-3.000000000000000000e+02
-3.000000000000000000e+02
-3.000000000000000000e+02
-3.000000000000000000e+02
-3.000000000000000000e+02
-3.000000000000000000e+02
-3.000000000000000000e+02
-3.000000000000000000e+02
-3.000000000000000000e+02
-3.000000000000000000e+02
-3.000000000000000000e+02
-3.000000000000000000e+02
-3.000000000000000000e+02
-3.000000000000000000e+02
-3.000000000000000000e+02
-3.000000000000000000e+02
-3.000000000000000000e+02
-3.000000000000000000e+02
-3.000000000000000000e+02
-3.000000000000000000e+02
-3.000000000000000000e+02
-3.000000000000000000e+02
-3.000000000000000000e+02
-3.000000000000000000e+02
-3.000000000000000000e+02
-3.000000000000000000e+02
-3.000000000000000000e+02
-3.000000000000000000e+02
-3.000000000000000000e+02
-3.000000000000000000e+02
-3.000000000000000000e+02
-3.000000000000000000e+02
-3.000000000000000000e+02
-3.000000000000000000e+02
-3.000000000000000000e+02
-3.000000000000000000e+02
-3.000000000000000000e+02
-3.000000000000000000e+02
-3.000000000000000000e+02
-3.000000000000000000e+02
-3.000000000000000000e+02
-3.000000000000000000e+02
-3.000000000000000000e+02
-3.000000000000000000e+02
-3.000000000000000000e+02
-3.000000000000000000e+02
-3.000000000000000000e+02
-3.000000000000000000e+02
-3.000000000000000000e+02
-3.000000000000000000e+02
-3.000000000000000000e+02
-3.000000000000000000e+02
-3.000000000000000000e+02
-3.000000000000000000e+02
-3.000000000000000000e+02
-3.000000000000000000e+02
-3.000000000000000000e+02
-3.000000000000000000e+02
-3.000000000000000000e+02
-3.000000000000000000e+02
-3.000000000000000000e+02
-3.000000000000000000e+02
-3.000000000000000000e+02
-3.000000000000000000e+02
-3.000000000000000000e+02
-3.000000000000000000e+02
-3.000000000000000000e+02
-3.000000000000000000e+02
-3.000000000000000000e+02
-3.000000000000000000e+02
-3.000000000000000000e+02
-3.000000000000000000e+02
-3.000000000000000000e+02
-3.000000000000000000e+02
-3.000000000000000000e+02
-3.000000000000000000e+02
-3.000000000000000000e+02
-3.000000000000000000e+02
-3.000000000000000000e+02
-3.000000000000000000e+02
-3.000000000000000000e+02
-3.000000000000000000e+02
-3.000000000000000000e+02
-3.000000000000000000e+02
-3.000000000000000000e+02
-3.000000000000000000e+02
-3.000000000000000000e+02
-3.000000000000000000e+02
-3.000000000000000000e+02
-3.000000000000000000e+02
-3.000000000000000000e+02
-3.000000000000000000e+02
-3.000000000000000000e+02
-3.000000000000000000e+02
-3.000000000000000000e+02
-3.000000000000000000e+02
-3.000000000000000000e+02
-3.000000000000000000e+02
-3.000000000000000000e+02
-3.000000000000000000e+02
-3.000000000000000000e+02
-3.000000000000000000e+02
-3.000000000000000000e+02
-3.000000000000000000e+02
-3.000000000000000000e+02
-3.000000000000000000e+02
-3.000000000000000000e+02
-3.000000000000000000e+02
-3.000000000000000000e+02
-3.000000000000000000e+02
-3.000000000000000000e+02
-3.000000000000000000e+02
-3.000000000000000000e+02
-3.000000000000000000e+02
-3.000000000000000000e+02
-3.000000000000000000e+02
-3.000000000000000000e+02
-3.000000000000000000e+02
-3.000000000000000000e+02
-3.000000000000000000e+02
-3.000000000000000000e+02
-3.000000000000000000e+02
-3.000000000000000000e+02
-3.000000000000000000e+02
-3.000000000000000000e+02
-3.000000000000000000e+02
-3.000000000000000000e+02
-3.000000000000000000e+02
-3.000000000000000000e+02
-3.000000000000000000e+02
-3.000000000000000000e+02
-3.000000000000000000e+02
-3.000000000000000000e+02
-3.000000000000000000e+02
-3.000000000000000000e+02
-3.000000000000000000e+02
-3.000000000000000000e+02
-3.000000000000000000e+02
-3.000000000000000000e+02
-3.000000000000000000e+02
-3.000000000000000000e+02
-3.000000000000000000e+02
-3.000000000000000000e+02
-3.000000000000000000e+02
-3.000000000000000000e+02
-3.000000000000000000e+02
-3.000000000000000000e+02
-3.000000000000000000e+02
-3.000000000000000000e+02
-3.000000000000000000e+02
-3.000000000000000000e+02
-3.000000000000000000e+02
-3.000000000000000000e+02
-3.000000000000000000e+02
-3.000000000000000000e+02
-3.000000000000000000e+02
-3.000000000000000000e+02
-3.000000000000000000e+02
-3.000000000000000000e+02
-3.000000000000000000e+02
-3.000000000000000000e+02
-3.000000000000000000e+02
-3.000000000000000000e+02
-3.000000000000000000e+02
-3.000000000000000000e+02
-3.000000000000000000e+02
-3.000000000000000000e+02
-3.000000000000000000e+02
-3.000000000000000000e+02
-3.000000000000000000e+02
-3.000000000000000000e+02
-3.000000000000000000e+02
-3.000000000000000000e+02
-3.000000000000000000e+02
-3.000000000000000000e+02
-3.000000000000000000e+02
-3.000000000000000000e+02
-3.000000000000000000e+02
-3.000000000000000000e+02
-3.000000000000000000e+02
-3.000000000000000000e+02
-3.000000000000000000e+02
-3.000000000000000000e+02
-3.000000000000000000e+02
-3.000000000000000000e+02
-3.000000000000000000e+02
-3.000000000000000000e+02
-3.000000000000000000e+02
-3.000000000000000000e+02
-3.000000000000000000e+02
-3.000000000000000000e+02
-3.000000000000000000e+02
-3.000000000000000000e+02
-3.000000000000000000e+02
-3.000000000000000000e+02
-3.000000000000000000e+02
-3.000000000000000000e+02
-3.000000000000000000e+02
-3.000000000000000000e+02
-3.000000000000000000e+02
-3.000000000000000000e+02
-3.000000000000000000e+02
-3.000000000000000000e+02
-3.000000000000000000e+02
-3.000000000000000000e+02
-3.000000000000000000e+02
-3.000000000000000000e+02
-3.000000000000000000e+02
-3.000000000000000000e+02
-3.000000000000000000e+02
-3.000000000000000000e+02
-3.000000000000000000e+02
-3.000000000000000000e+02
-3.000000000000000000e+02
-3.000000000000000000e+02
-3.000000000000000000e+02
-3.000000000000000000e+02
-3.000000000000000000e+02
-3.000000000000000000e+02
-3.000000000000000000e+02
-3.000000000000000000e+02
-3.000000000000000000e+02
-3.000000000000000000e+02
-3.000000000000000000e+02
-3.000000000000000000e+02
-3.000000000000000000e+02
-3.000000000000000000e+02
-3.000000000000000000e+02
-3.000000000000000000e+02
-3.000000000000000000e+02
-3.000000000000000000e+02
-3.000000000000000000e+02
-3.000000000000000000e+02
-3.000000000000000000e+02
-3.000000000000000000e+02
-3.000000000000000000e+02
-3.000000000000000000e+02
-3.000000000000000000e+02
-3.000000000000000000e+02
-3.000000000000000000e+02
-3.000000000000000000e+02
-3.000000000000000000e+02
-3.000000000000000000e+02
-3.000000000000000000e+02
-3.000000000000000000e+02
-3.000000000000000000e+02
-3.000000000000000000e+02
-3.000000000000000000e+02
-3.000000000000000000e+02
-3.000000000000000000e+02
-3.000000000000000000e+02
-3.000000000000000000e+02
-3.000000000000000000e+02
-3.000000000000000000e+02
-3.000000000000000000e+02
-3.000000000000000000e+02
-3.000000000000000000e+02
-3.000000000000000000e+02
-3.000000000000000000e+02
-3.000000000000000000e+02
-3.000000000000000000e+02
-3.000000000000000000e+02
-3.000000000000000000e+02
-3.000000000000000000e+02
-3.000000000000000000e+02
-3.000000000000000000e+02
-3.000000000000000000e+02
-3.000000000000000000e+02
-3.000000000000000000e+02
-3.000000000000000000e+02
-3.000000000000000000e+02
-3.000000000000000000e+02
-3.000000000000000000e+02
-3.000000000000000000e+02
-3.000000000000000000e+02
-3.000000000000000000e+02
-3.000000000000000000e+02
-3.000000000000000000e+02
-3.000000000000000000e+02
-3.000000000000000000e+02
-3.000000000000000000e+02
-3.000000000000000000e+02
-3.000000000000000000e+02
-3.000000000000000000e+02
-3.000000000000000000e+02
-3.000000000000000000e+02
-3.000000000000000000e+02
-3.000000000000000000e+02
-3.000000000000000000e+02
-3.000000000000000000e+02
-3.000000000000000000e+02
-3.000000000000000000e+02
-3.000000000000000000e+02
-3.000000000000000000e+02
-3.000000000000000000e+02
-3.000000000000000000e+02
-3.000000000000000000e+02
-3.000000000000000000e+02
-3.000000000000000000e+02
-3.000000000000000000e+02
-3.000000000000000000e+02
-3.000000000000000000e+02
-3.000000000000000000e+02
-3.000000000000000000e+02
-3.000000000000000000e+02
-3.000000000000000000e+02
-3.000000000000000000e+02
-3.000000000000000000e+02
-3.000000000000000000e+02
-3.000000000000000000e+02
-3.000000000000000000e+02
-3.000000000000000000e+02
-3.000000000000000000e+02
-3.000000000000000000e+02
-3.000000000000000000e+02
-3.000000000000000000e+02
-3.000000000000000000e+02
-3.000000000000000000e+02
-3.000000000000000000e+02
-3.000000000000000000e+02
-3.000000000000000000e+02
-3.000000000000000000e+02
-3.000000000000000000e+02
-3.000000000000000000e+02
-3.000000000000000000e+02
-3.000000000000000000e+02
-3.000000000000000000e+02
-3.000000000000000000e+02
-3.000000000000000000e+02
-3.000000000000000000e+02
-3.000000000000000000e+02
-3.000000000000000000e+02
-3.000000000000000000e+02
-3.000000000000000000e+02
-3.000000000000000000e+02
-3.000000000000000000e+02
-3.000000000000000000e+02
-3.000000000000000000e+02
-3.000000000000000000e+02
-3.000000000000000000e+02
-3.000000000000000000e+02
-3.000000000000000000e+02
-3.000000000000000000e+02
-3.000000000000000000e+02
-3.000000000000000000e+02
-3.000000000000000000e+02
-3.000000000000000000e+02
-3.000000000000000000e+02
-3.000000000000000000e+02
-3.000000000000000000e+02
-3.000000000000000000e+02
-3.000000000000000000e+02
-3.000000000000000000e+02
-3.000000000000000000e+02
-3.000000000000000000e+02
-3.000000000000000000e+02
-3.000000000000000000e+02
-3.000000000000000000e+02
-3.000000000000000000e+02
-3.000000000000000000e+02
-3.000000000000000000e+02
-3.000000000000000000e+02
-3.000000000000000000e+02
-3.000000000000000000e+02
-3.000000000000000000e+02
-3.000000000000000000e+02
-3.000000000000000000e+02
-3.000000000000000000e+02
-3.000000000000000000e+02
-3.000000000000000000e+02
-3.000000000000000000e+02
-3.000000000000000000e+02
-3.000000000000000000e+02
-3.000000000000000000e+02
-3.000000000000000000e+02
-3.000000000000000000e+02
-3.000000000000000000e+02
-3.000000000000000000e+02
-3.000000000000000000e+02
-3.000000000000000000e+02
-3.000000000000000000e+02
-3.000000000000000000e+02
-3.000000000000000000e+02
-3.000000000000000000e+02
-3.000000000000000000e+02
-3.000000000000000000e+02
-3.000000000000000000e+02
-3.000000000000000000e+02
-3.000000000000000000e+02
-3.000000000000000000e+02
-3.000000000000000000e+02
-3.000000000000000000e+02
-3.000000000000000000e+02
-3.000000000000000000e+02
-3.000000000000000000e+02
-3.000000000000000000e+02
-3.000000000000000000e+02
-3.000000000000000000e+02
-3.000000000000000000e+02
-3.000000000000000000e+02
-3.000000000000000000e+02
-3.000000000000000000e+02
-3.000000000000000000e+02
-3.000000000000000000e+02
-3.000000000000000000e+02
-3.000000000000000000e+02
-3.000000000000000000e+02
-3.000000000000000000e+02
-3.000000000000000000e+02
-3.000000000000000000e+02
-3.000000000000000000e+02
-3.000000000000000000e+02
-3.000000000000000000e+02
-3.000000000000000000e+02
-3.000000000000000000e+02
-3.000000000000000000e+02
-3.000000000000000000e+02
-3.000000000000000000e+02
-3.000000000000000000e+02
-3.000000000000000000e+02
-3.000000000000000000e+02
-3.000000000000000000e+02
-3.000000000000000000e+02
-3.000000000000000000e+02
-3.000000000000000000e+02
-3.000000000000000000e+02
-3.000000000000000000e+02
-3.000000000000000000e+02
-3.000000000000000000e+02
-3.000000000000000000e+02
-3.000000000000000000e+02
-3.000000000000000000e+02
-3.000000000000000000e+02
5.400000000000000000e+01
-3.000000000000000000e+02
-3.000000000000000000e+02
-3.000000000000000000e+02
-3.000000000000000000e+02
-3.000000000000000000e+02
-3.000000000000000000e+02
-3.000000000000000000e+02
-3.000000000000000000e+02
-3.000000000000000000e+02
-3.000000000000000000e+02
-3.000000000000000000e+02
-3.000000000000000000e+02
-3.000000000000000000e+02
-3.000000000000000000e+02
-3.000000000000000000e+02
-3.000000000000000000e+02
-3.000000000000000000e+02
-3.000000000000000000e+02
-3.000000000000000000e+02
-3.000000000000000000e+02
-3.000000000000000000e+02
-3.000000000000000000e+02
-3.000000000000000000e+02
-3.000000000000000000e+02
-3.000000000000000000e+02
-3.000000000000000000e+02
-3.000000000000000000e+02
-3.000000000000000000e+02
-3.000000000000000000e+02
-3.000000000000000000e+02
-3.000000000000000000e+02
-3.000000000000000000e+02
-3.000000000000000000e+02
-3.000000000000000000e+02
-3.000000000000000000e+02
-3.000000000000000000e+02
-3.000000000000000000e+02
-3.000000000000000000e+02
-3.000000000000000000e+02
-3.000000000000000000e+02
-3.000000000000000000e+02
-3.000000000000000000e+02
-3.000000000000000000e+02
-3.000000000000000000e+02
-3.000000000000000000e+02
-3.000000000000000000e+02
-3.000000000000000000e+02
-3.000000000000000000e+02
-3.000000000000000000e+02
-3.000000000000000000e+02
-3.000000000000000000e+02
-3.000000000000000000e+02
-3.000000000000000000e+02
-3.000000000000000000e+02
-3.000000000000000000e+02
-3.000000000000000000e+02
-3.000000000000000000e+02
-3.000000000000000000e+02
-3.000000000000000000e+02
-3.000000000000000000e+02
-3.000000000000000000e+02
-3.000000000000000000e+02
-3.000000000000000000e+02
-3.000000000000000000e+02
-3.000000000000000000e+02
-3.000000000000000000e+02
-3.000000000000000000e+02
-3.000000000000000000e+02
-3.000000000000000000e+02
-3.000000000000000000e+02
-3.000000000000000000e+02
-3.000000000000000000e+02
-3.000000000000000000e+02
-3.000000000000000000e+02
-3.000000000000000000e+02
-3.000000000000000000e+02
-3.000000000000000000e+02
-3.000000000000000000e+02
-3.000000000000000000e+02
-3.000000000000000000e+02
-3.000000000000000000e+02
-3.000000000000000000e+02
-3.000000000000000000e+02
-3.000000000000000000e+02
-3.000000000000000000e+02
-3.000000000000000000e+02
-3.000000000000000000e+02
-3.000000000000000000e+02
-3.000000000000000000e+02
-3.000000000000000000e+02
-3.000000000000000000e+02
-3.000000000000000000e+02
-3.000000000000000000e+02
-3.000000000000000000e+02
-3.000000000000000000e+02
-3.000000000000000000e+02
-3.000000000000000000e+02
-3.000000000000000000e+02
-3.000000000000000000e+02
-3.000000000000000000e+02
-3.000000000000000000e+02
-3.000000000000000000e+02
-3.000000000000000000e+02
-3.000000000000000000e+02
-3.000000000000000000e+02
-3.000000000000000000e+02
5.400000000000000000e+01
-1.640000000000000000e+02
-3.000000000000000000e+02
-3.000000000000000000e+02
-3.000000000000000000e+02
-3.000000000000000000e+02
-3.000000000000000000e+02
-3.000000000000000000e+02
-3.000000000000000000e+02
-3.000000000000000000e+02
-3.000000000000000000e+02
-3.000000000000000000e+02
-3.000000000000000000e+02
-3.000000000000000000e+02
-3.000000000000000000e+02
-3.000000000000000000e+02
-3.000000000000000000e+02
-3.000000000000000000e+02
-3.000000000000000000e+02
-3.000000000000000000e+02
-3.000000000000000000e+02
-3.000000000000000000e+02
-3.000000000000000000e+02
-3.000000000000000000e+02
5.000000000000000000e+01
-3.000000000000000000e+02
-3.000000000000000000e+02
-3.000000000000000000e+02
-3.000000000000000000e+02
-3.000000000000000000e+02
-3.000000000000000000e+02
-3.000000000000000000e+02
-3.000000000000000000e+02
-3.000000000000000000e+02
-3.000000000000000000e+02
-3.000000000000000000e+02
-3.000000000000000000e+02
-3.000000000000000000e+02
-3.000000000000000000e+02
-3.000000000000000000e+02
-3.000000000000000000e+02
-3.000000000000000000e+02
-3.000000000000000000e+02
-3.000000000000000000e+02
-3.000000000000000000e+02
-3.000000000000000000e+02
-3.000000000000000000e+02
-3.000000000000000000e+02
-3.000000000000000000e+02
-3.000000000000000000e+02
-3.000000000000000000e+02
-3.000000000000000000e+02
-3.000000000000000000e+02
-3.000000000000000000e+02
-3.000000000000000000e+02
-3.000000000000000000e+02
-3.000000000000000000e+02
-3.000000000000000000e+02
-3.000000000000000000e+02
-3.000000000000000000e+02
-3.000000000000000000e+02
-3.000000000000000000e+02
-3.000000000000000000e+02
-3.000000000000000000e+02
-3.000000000000000000e+02
-3.000000000000000000e+02
-3.000000000000000000e+02
-3.000000000000000000e+02
-3.000000000000000000e+02
-3.000000000000000000e+02
-3.000000000000000000e+02
-3.000000000000000000e+02
-3.000000000000000000e+02
-3.000000000000000000e+02
-3.000000000000000000e+02
-3.000000000000000000e+02
-3.000000000000000000e+02
-3.000000000000000000e+02
-3.000000000000000000e+02
-3.000000000000000000e+02
-3.000000000000000000e+02
-3.000000000000000000e+02
-3.000000000000000000e+00
-3.000000000000000000e+02
-3.000000000000000000e+02
-3.000000000000000000e+02
-3.000000000000000000e+02
-3.000000000000000000e+02
-3.000000000000000000e+02
-3.000000000000000000e+02
-3.000000000000000000e+02
-3.000000000000000000e+02
-3.000000000000000000e+02
-3.000000000000000000e+02
5.500000000000000000e+01
-3.000000000000000000e+02
-3.000000000000000000e+02
-3.000000000000000000e+02
-3.000000000000000000e+02
-3.000000000000000000e+02
-3.000000000000000000e+02
-3.000000000000000000e+02
-3.000000000000000000e+02
-3.000000000000000000e+02
-3.000000000000000000e+02
-3.000000000000000000e+02
-3.000000000000000000e+02
-3.000000000000000000e+02
-3.000000000000000000e+02
-3.000000000000000000e+02
6.300000000000000000e+01
-3.000000000000000000e+02
-3.000000000000000000e+02
-3.000000000000000000e+02
-3.000000000000000000e+02
-3.000000000000000000e+02
-3.000000000000000000e+02
-3.000000000000000000e+02
-3.000000000000000000e+02
5.500000000000000000e+01
-3.000000000000000000e+02
-3.000000000000000000e+02
-3.000000000000000000e+02
-1.090000000000000000e+02
5.500000000000000000e+01
-3.000000000000000000e+02
-3.000000000000000000e+02
-3.000000000000000000e+02
5.000000000000000000e+01
-3.000000000000000000e+02
-3.000000000000000000e+02
-3.000000000000000000e+02
-3.000000000000000000e+02
-3.000000000000000000e+02
-3.000000000000000000e+02
-3.000000000000000000e+02
-3.000000000000000000e+02
-3.000000000000000000e+02
-3.000000000000000000e+02
-3.000000000000000000e+02
-3.000000000000000000e+02
-3.000000000000000000e+02
-3.000000000000000000e+02
-3.000000000000000000e+02
-3.000000000000000000e+02
-3.000000000000000000e+02
-3.000000000000000000e+02
-2.000000000000000000e+01
-3.000000000000000000e+02
-3.000000000000000000e+02
-3.000000000000000000e+02
-3.000000000000000000e+02
-3.000000000000000000e+02
-3.000000000000000000e+02
-3.000000000000000000e+02
-3.000000000000000000e+02
-3.000000000000000000e+02
-3.000000000000000000e+02
-3.000000000000000000e+02
-3.000000000000000000e+02
-3.000000000000000000e+02
-3.000000000000000000e+02
5.300000000000000000e+01
-3.000000000000000000e+02
-3.000000000000000000e+02
-3.000000000000000000e+02
-3.000000000000000000e+02
-3.000000000000000000e+02
-3.000000000000000000e+02
-3.000000000000000000e+02
-3.000000000000000000e+02
-3.000000000000000000e+02
-3.000000000000000000e+02
-3.000000000000000000e+02
-3.000000000000000000e+02
-3.000000000000000000e+02
-3.000000000000000000e+02
-3.000000000000000000e+02
-3.000000000000000000e+02
-3.000000000000000000e+02
-3.000000000000000000e+02
-3.000000000000000000e+02
-6.600000000000000000e+01
-3.000000000000000000e+02
-3.000000000000000000e+02
1.200000000000000000e+01
-3.000000000000000000e+02
-3.000000000000000000e+02
-3.000000000000000000e+02
-3.000000000000000000e+02
-3.000000000000000000e+02
-3.000000000000000000e+02
-3.000000000000000000e+02
-3.000000000000000000e+02
-3.000000000000000000e+02
-5.000000000000000000e+01
-3.000000000000000000e+02
-3.000000000000000000e+02
-3.000000000000000000e+02
-3.000000000000000000e+02
-3.000000000000000000e+02
-3.000000000000000000e+02
-3.000000000000000000e+02
-3.000000000000000000e+02
-3.000000000000000000e+02
-3.000000000000000000e+02
-3.000000000000000000e+02
3.400000000000000000e+01
-3.000000000000000000e+02
-3.000000000000000000e+02
-3.000000000000000000e+02
-1.580000000000000000e+02
-1.240000000000000000e+02
1.000000000000000000e+01
4.000000000000000000e+01
-3.000000000000000000e+02
6.500000000000000000e+01
-5.500000000000000000e+01
-3.000000000000000000e+02
-1.720000000000000000e+02
-3.000000000000000000e+02
-3.000000000000000000e+02
-3.000000000000000000e+02
-3.000000000000000000e+02
-3.000000000000000000e+02
-1.170000000000000000e+02
-3.000000000000000000e+02
-3.000000000000000000e+02
-3.000000000000000000e+02
-3.000000000000000000e+02
-3.000000000000000000e+02
-3.000000000000000000e+02
-3.000000000000000000e+02
4.600000000000000000e+01
-3.000000000000000000e+02
-6.500000000000000000e+01
-8.700000000000000000e+01
-3.000000000000000000e+02
-3.000000000000000000e+02
-3.000000000000000000e+02
-3.000000000000000000e+02
-3.000000000000000000e+02
-3.000000000000000000e+02
-3.000000000000000000e+02
-3.000000000000000000e+02
-3.000000000000000000e+02
-3.000000000000000000e+02
-3.000000000000000000e+02
5.000000000000000000e+01
-1.330000000000000000e+02
-3.000000000000000000e+02
-3.000000000000000000e+02
5.000000000000000000e+01
-3.000000000000000000e+02
-3.000000000000000000e+02
-3.000000000000000000e+02
6.000000000000000000e+01
-3.000000000000000000e+02
-3.000000000000000000e+02
5.800000000000000000e+01
-3.000000000000000000e+02
-3.000000000000000000e+02
-3.000000000000000000e+02
-3.000000000000000000e+02
-1.800000000000000000e+01
3.000000000000000000e+00
-3.000000000000000000e+02
-3.000000000000000000e+02
-3.000000000000000000e+02
-3.000000000000000000e+02
-6.500000000000000000e+01
-3.000000000000000000e+02
-1.600000000000000000e+01
-1.630000000000000000e+02
-1.300000000000000000e+02
-3.000000000000000000e+02
-3.000000000000000000e+02
3.000000000000000000e+00
-3.000000000000000000e+02
-3.000000000000000000e+02
-3.000000000000000000e+02
-3.000000000000000000e+02
-3.000000000000000000e+02
-3.000000000000000000e+02
-3.000000000000000000e+02
-3.000000000000000000e+02
-3.000000000000000000e+02
-3.000000000000000000e+02
-3.000000000000000000e+02
-3.000000000000000000e+02
-3.000000000000000000e+02
-1.320000000000000000e+02
-3.000000000000000000e+02
-3.000000000000000000e+02
-3.000000000000000000e+02
-3.000000000000000000e+02
-3.000000000000000000e+02
-3.000000000000000000e+02
-3.000000000000000000e+02
-3.000000000000000000e+02
4.600000000000000000e+01
