-3.000000000000000000e+02
-3.000000000000000000e+02
-3.000000000000000000e+02
-3.000000000000000000e+02
-3.000000000000000000e+02
-3.000000000000000000e+02
-3.000000000000000000e+02
-3.000000000000000000e+02
-3.000000000000000000e+02
-3.000000000000000000e+02
-3.000000000000000000e+02
-3.000000000000000000e+02
-3.000000000000000000e+02
-3.000000000000000000e+02
-3.000000000000000000e+02
-3.000000000000000000e+02
-3.000000000000000000e+02
-3.000000000000000000e+02
-3.000000000000000000e+02
-3.000000000000000000e+02
-3.000000000000000000e+02
-3.000000000000000000e+02
-3.000000000000000000e+02
-3.000000000000000000e+02
-3.000000000000000000e+02
-3.000000000000000000e+02
-3.000000000000000000e+02
-3.000000000000000000e+02
-3.000000000000000000e+02
-3.000000000000000000e+02
-3.000000000000000000e+02
-3.000000000000000000e+02
-3.000000000000000000e+02
-3.000000000000000000e+02
-3.000000000000000000e+02
-3.000000000000000000e+02
-3.000000000000000000e+02
-3.000000000000000000e+02
-3.000000000000000000e+02
-3.000000000000000000e+02
-3.000000000000000000e+02
-3.000000000000000000e+02
-3.000000000000000000e+02
-3.000000000000000000e+02
-3.000000000000000000e+02
-3.000000000000000000e+02
-3.000000000000000000e+02
-3.000000000000000000e+02
-3.000000000000000000e+02
-3.000000000000000000e+02
-3.000000000000000000e+02
-3.000000000000000000e+02
-3.000000000000000000e+02
-3.000000000000000000e+02
-3.000000000000000000e+02
-3.000000000000000000e+02
-3.000000000000000000e+02
-3.000000000000000000e+02
-3.000000000000000000e+02
-3.000000000000000000e+02
-3.000000000000000000e+02
-3.000000000000000000e+02
-3.000000000000000000e+02
-3.000000000000000000e+02
-3.000000000000000000e+02
-3.000000000000000000e+02
-3.000000000000000000e+02
-3.000000000000000000e+02
-3.000000000000000000e+02
3.500000000000000000e+01
-3.000000000000000000e+02
-3.000000000000000000e+02
-3.000000000000000000e+02
-3.000000000000000000e+02
-3.000000000000000000e+02
-3.000000000000000000e+02
-3.000000000000000000e+02
-3.000000000000000000e+02
-3.000000000000000000e+02
-3.000000000000000000e+02
-3.000000000000000000e+02
-3.000000000000000000e+02
-3.000000000000000000e+02
-3.000000000000000000e+02
-3.000000000000000000e+02
-3.000000000000000000e+02
-3.000000000000000000e+02
-3.000000000000000000e+02
-3.000000000000000000e+02
-3.000000000000000000e+02
-3.000000000000000000e+02
-3.000000000000000000e+02
-3.000000000000000000e+02
-3.000000000000000000e+02
-3.000000000000000000e+02
-3.000000000000000000e+02
-3.000000000000000000e+02
-3.000000000000000000e+02
-3.000000000000000000e+02
-3.000000000000000000e+02
-3.000000000000000000e+02
-3.000000000000000000e+02
-3.000000000000000000e+02
-3.000000000000000000e+02
-3.000000000000000000e+02
-3.000000000000000000e+02
-3.000000000000000000e+02
-3.000000000000000000e+02
-3.000000000000000000e+02
-3.000000000000000000e+02
-3.000000000000000000e+02
-3.000000000000000000e+02
-3.000000000000000000e+02
-3.000000000000000000e+02
-3.000000000000000000e+02
-3.000000000000000000e+02
-3.000000000000000000e+02
2.800000000000000000e+01
-3.000000000000000000e+02
-3.000000000000000000e+02
-3.000000000000000000e+02
-3.000000000000000000e+02
-3.000000000000000000e+02
-3.000000000000000000e+02
-3.000000000000000000e+02
-3.000000000000000000e+02
-3.000000000000000000e+02
-3.000000000000000000e+02
-3.000000000000000000e+02
-3.000000000000000000e+02
-3.000000000000000000e+02
-3.000000000000000000e+02
-3.000000000000000000e+02
-3.000000000000000000e+02
-3.000000000000000000e+02
-3.000000000000000000e+02
-3.000000000000000000e+02
-3.000000000000000000e+02
-3.000000000000000000e+02
6.000000000000000000e+01
-3.000000000000000000e+02
-3.000000000000000000e+02
-3.000000000000000000e+02
-3.000000000000000000e+02
-3.000000000000000000e+02
-3.000000000000000000e+02
-3.000000000000000000e+02
6.000000000000000000e+01
-3.000000000000000000e+02
-3.000000000000000000e+02
-3.000000000000000000e+02
-3.000000000000000000e+02
-3.000000000000000000e+02
-3.000000000000000000e+02
-3.000000000000000000e+02
-3.000000000000000000e+02
-3.000000000000000000e+02
-3.000000000000000000e+02
-3.000000000000000000e+02
-3.000000000000000000e+02
-3.000000000000000000e+02
-3.000000000000000000e+02
-3.000000000000000000e+02
-3.000000000000000000e+02
-3.000000000000000000e+02
-3.000000000000000000e+02
-3.000000000000000000e+02
-3.000000000000000000e+02
-3.000000000000000000e+02
-3.000000000000000000e+02
-3.000000000000000000e+02
-3.000000000000000000e+02
-3.000000000000000000e+02
-3.000000000000000000e+02
-3.000000000000000000e+02
-3.000000000000000000e+02
-3.000000000000000000e+02
-3.000000000000000000e+02
-3.000000000000000000e+02
-3.000000000000000000e+02
-3.000000000000000000e+02
-3.000000000000000000e+02
-3.000000000000000000e+02
-3.000000000000000000e+02
-3.000000000000000000e+02
-1.480000000000000000e+02
-3.000000000000000000e+02
-3.000000000000000000e+02
-3.000000000000000000e+02
-3.000000000000000000e+02
-3.000000000000000000e+02
-3.000000000000000000e+02
-3.000000000000000000e+02
-3.000000000000000000e+02
-3.000000000000000000e+02
-3.000000000000000000e+02
-3.000000000000000000e+02
-3.000000000000000000e+02
-3.000000000000000000e+02
1.000000000000000000e+00
-4.100000000000000000e+01
-3.000000000000000000e+02
-6.500000000000000000e+01
-1.670000000000000000e+02
-3.000000000000000000e+02
-3.000000000000000000e+02
4.600000000000000000e+01
6.000000000000000000e+01
-3.000000000000000000e+02
-3.000000000000000000e+02
-3.000000000000000000e+02
-1.540000000000000000e+02
-3.000000000000000000e+02
6.000000000000000000e+01
-4.000000000000000000e+00
-3.000000000000000000e+02
-3.000000000000000000e+02
-3.000000000000000000e+02
-3.000000000000000000e+02
-3.000000000000000000e+02
-1.980000000000000000e+02
-3.000000000000000000e+02
-3.000000000000000000e+02
-3.000000000000000000e+02
5.800000000000000000e+01
-3.000000000000000000e+02
-3.000000000000000000e+02
-3.000000000000000000e+02
-3.000000000000000000e+02
-3.000000000000000000e+02
-3.000000000000000000e+02
-3.000000000000000000e+02
-3.000000000000000000e+02
-3.000000000000000000e+02
-3.000000000000000000e+02
-3.000000000000000000e+02
-3.000000000000000000e+02
-1.320000000000000000e+02
-6.800000000000000000e+01
-3.000000000000000000e+02
-3.000000000000000000e+02
-3.000000000000000000e+02
-3.000000000000000000e+02
-3.000000000000000000e+02
-3.000000000000000000e+02
-3.000000000000000000e+02
-3.000000000000000000e+02
-3.000000000000000000e+02
-3.000000000000000000e+02
-3.000000000000000000e+02
-3.000000000000000000e+02
-3.000000000000000000e+02
-3.000000000000000000e+02
-3.000000000000000000e+02
-3.000000000000000000e+02
-3.000000000000000000e+02
-3.000000000000000000e+02
5.100000000000000000e+01
-1.300000000000000000e+01
3.500000000000000000e+01
-9.600000000000000000e+01
-2.300000000000000000e+01
-3.000000000000000000e+02
-1.040000000000000000e+02
-3.000000000000000000e+02
-3.000000000000000000e+02
-3.000000000000000000e+02
-3.000000000000000000e+02
-3.000000000000000000e+02
-3.000000000000000000e+02
-3.000000000000000000e+02
-3.000000000000000000e+02
-3.000000000000000000e+02
-1.050000000000000000e+02
-5.400000000000000000e+01
-3.000000000000000000e+02
-2.100000000000000000e+01
4.700000000000000000e+01
6.000000000000000000e+01
-4.200000000000000000e+01
4.500000000000000000e+01
-1.560000000000000000e+02
-5.000000000000000000e+01
-2.300000000000000000e+01
-1.780000000000000000e+02
6.300000000000000000e+01
-1.340000000000000000e+02
4.400000000000000000e+01
-1.510000000000000000e+02
4.600000000000000000e+01
-6.200000000000000000e+01
-3.000000000000000000e+02
5.300000000000000000e+01
4.700000000000000000e+01
4.100000000000000000e+01
5.800000000000000000e+01
-9.300000000000000000e+01
5.300000000000000000e+01
4.400000000000000000e+01
4.700000000000000000e+01
5.200000000000000000e+01
6.100000000000000000e+01
4.700000000000000000e+01
5.300000000000000000e+01
5.900000000000000000e+01
5.900000000000000000e+01
5.400000000000000000e+01
4.900000000000000000e+01
-1.000000000000000000e+00
-1.100000000000000000e+01
4.000000000000000000e+01
5.700000000000000000e+01
-1.010000000000000000e+02
3.300000000000000000e+01
5.400000000000000000e+01
5.300000000000000000e+01
2.700000000000000000e+01
5.200000000000000000e+01
6.000000000000000000e+01
-9.000000000000000000e+01
5.600000000000000000e+01
5.200000000000000000e+01
4.700000000000000000e+01
4.600000000000000000e+01
4.300000000000000000e+01
4.300000000000000000e+01
5.800000000000000000e+01
4.700000000000000000e+01
1.500000000000000000e+01
3.600000000000000000e+01
4.600000000000000000e+01
3.500000000000000000e+01
6.100000000000000000e+01
5.400000000000000000e+01
6.100000000000000000e+01
5.600000000000000000e+01
4.300000000000000000e+01
5.100000000000000000e+01
4.700000000000000000e+01
-4.900000000000000000e+01
4.900000000000000000e+01
5.700000000000000000e+01
3.300000000000000000e+01
5.200000000000000000e+01
-3.000000000000000000e+02
-4.200000000000000000e+01
4.600000000000000000e+01
-4.700000000000000000e+01
5.400000000000000000e+01
4.600000000000000000e+01
5.300000000000000000e+01
-1.690000000000000000e+02
4.900000000000000000e+01
4.400000000000000000e+01
5.600000000000000000e+01
4.600000000000000000e+01
5.000000000000000000e+01
3.900000000000000000e+01
4.900000000000000000e+01
4.400000000000000000e+01
5.700000000000000000e+01
4.200000000000000000e+01
3.500000000000000000e+01
4.100000000000000000e+01
4.700000000000000000e+01
5.400000000000000000e+01
-1.850000000000000000e+02
5.100000000000000000e+01
-1.080000000000000000e+02
5.300000000000000000e+01
5.800000000000000000e+01
4.800000000000000000e+01
6.000000000000000000e+01
5.900000000000000000e+01
5.300000000000000000e+01
4.100000000000000000e+01
4.700000000000000000e+01
5.200000000000000000e+01
6.000000000000000000e+01
3.600000000000000000e+01
5.100000000000000000e+01
5.100000000000000000e+01
6.200000000000000000e+01
5.800000000000000000e+01
5.200000000000000000e+01
5.500000000000000000e+01
6.200000000000000000e+01
5.300000000000000000e+01
5.500000000000000000e+01
5.300000000000000000e+01
4.300000000000000000e+01
4.400000000000000000e+01
5.000000000000000000e+01
5.000000000000000000e+01
6.200000000000000000e+01
-1.410000000000000000e+02
4.200000000000000000e+01
5.100000000000000000e+01
5.700000000000000000e+01
6.000000000000000000e+01
6.100000000000000000e+01
5.000000000000000000e+01
4.600000000000000000e+01
6.000000000000000000e+01
-1.000000000000000000e+00
5.200000000000000000e+01
-3.000000000000000000e+00
5.700000000000000000e+01
5.300000000000000000e+01
5.400000000000000000e+01
4.700000000000000000e+01
5.700000000000000000e+01
5.800000000000000000e+01
5.800000000000000000e+01
5.700000000000000000e+01
4.600000000000000000e+01
4.600000000000000000e+01
5.600000000000000000e+01
4.500000000000000000e+01
5.000000000000000000e+01
3.800000000000000000e+01
5.000000000000000000e+01
5.600000000000000000e+01
4.300000000000000000e+01
6.200000000000000000e+01
6.200000000000000000e+01
5.900000000000000000e+01
4.700000000000000000e+01
6.100000000000000000e+01
2.100000000000000000e+01
5.200000000000000000e+01
6.200000000000000000e+01
5.100000000000000000e+01
5.100000000000000000e+01
5.100000000000000000e+01
4.500000000000000000e+01
4.800000000000000000e+01
4.300000000000000000e+01
4.700000000000000000e+01
4.100000000000000000e+01
4.800000000000000000e+01
3.800000000000000000e+01
4.600000000000000000e+01
5.000000000000000000e+01
4.700000000000000000e+01
4.600000000000000000e+01
4.600000000000000000e+01
4.300000000000000000e+01
5.400000000000000000e+01
5.200000000000000000e+01
3.400000000000000000e+01
4.600000000000000000e+01
6.400000000000000000e+01
4.900000000000000000e+01
6.500000000000000000e+01
5.300000000000000000e+01
6.100000000000000000e+01
6.000000000000000000e+01
5.300000000000000000e+01
6.200000000000000000e+01
5.900000000000000000e+01
5.200000000000000000e+01
4.500000000000000000e+01
4.800000000000000000e+01
5.500000000000000000e+01
4.700000000000000000e+01
5.900000000000000000e+01
5.000000000000000000e+01
5.900000000000000000e+01
5.900000000000000000e+01
5.500000000000000000e+01
5.000000000000000000e+01
6.100000000000000000e+01
4.400000000000000000e+01
5.400000000000000000e+01
5.300000000000000000e+01
5.200000000000000000e+01
5.700000000000000000e+01
6.000000000000000000e+01
5.500000000000000000e+01
5.400000000000000000e+01
4.300000000000000000e+01
5.900000000000000000e+01
4.400000000000000000e+01
6.000000000000000000e+01
3.900000000000000000e+01
4.100000000000000000e+01
5.900000000000000000e+01
4.500000000000000000e+01
4.100000000000000000e+01
5.400000000000000000e+01
4.700000000000000000e+01
5.000000000000000000e+01
5.900000000000000000e+01
4.300000000000000000e+01
5.000000000000000000e+01
5.000000000000000000e+01
6.000000000000000000e+01
5.000000000000000000e+01
4.600000000000000000e+01
5.500000000000000000e+01
6.200000000000000000e+01
5.500000000000000000e+01
3.700000000000000000e+01
5.100000000000000000e+01
3.300000000000000000e+01
5.500000000000000000e+01
5.600000000000000000e+01
6.100000000000000000e+01
3.800000000000000000e+01
4.700000000000000000e+01
6.300000000000000000e+01
3.700000000000000000e+01
5.000000000000000000e+01
4.800000000000000000e+01
5.100000000000000000e+01
4.000000000000000000e+01
5.400000000000000000e+01
5.500000000000000000e+01
2.700000000000000000e+01
5.500000000000000000e+01
4.900000000000000000e+01
3.700000000000000000e+01
4.100000000000000000e+01
5.200000000000000000e+01
4.900000000000000000e+01
4.400000000000000000e+01
5.200000000000000000e+01
5.400000000000000000e+01
5.900000000000000000e+01
4.900000000000000000e+01
4.800000000000000000e+01
5.600000000000000000e+01
5.700000000000000000e+01
4.000000000000000000e+01
5.000000000000000000e+01
5.500000000000000000e+01
6.000000000000000000e+01
6.000000000000000000e+01
6.000000000000000000e+01
5.600000000000000000e+01
4.800000000000000000e+01
4.200000000000000000e+01
4.100000000000000000e+01
5.700000000000000000e+01
6.000000000000000000e+01
5.200000000000000000e+01
4.500000000000000000e+01
5.700000000000000000e+01
4.900000000000000000e+01
4.900000000000000000e+01
4.500000000000000000e+01
5.700000000000000000e+01
4.800000000000000000e+01
4.800000000000000000e+01
4.600000000000000000e+01
5.800000000000000000e+01
3.300000000000000000e+01
4.700000000000000000e+01
5.500000000000000000e+01
5.200000000000000000e+01
6.100000000000000000e+01
3.600000000000000000e+01
5.600000000000000000e+01
5.100000000000000000e+01
4.700000000000000000e+01
3.500000000000000000e+01
5.400000000000000000e+01
5.400000000000000000e+01
4.100000000000000000e+01
5.500000000000000000e+01
5.600000000000000000e+01
4.600000000000000000e+01
5.200000000000000000e+01
3.700000000000000000e+01
3.700000000000000000e+01
4.700000000000000000e+01
5.000000000000000000e+01
4.800000000000000000e+01
5.800000000000000000e+01
4.100000000000000000e+01
5.500000000000000000e+01
4.400000000000000000e+01
6.200000000000000000e+01
4.800000000000000000e+01
5.600000000000000000e+01
6.000000000000000000e+01
5.500000000000000000e+01
4.000000000000000000e+01
3.600000000000000000e+01
4.000000000000000000e+01
5.400000000000000000e+01
5.200000000000000000e+01
6.500000000000000000e+01
5.100000000000000000e+01
4.700000000000000000e+01
5.600000000000000000e+01
4.200000000000000000e+01
4.000000000000000000e+01
4.200000000000000000e+01
4.500000000000000000e+01
5.700000000000000000e+01
5.200000000000000000e+01
4.000000000000000000e+01
5.100000000000000000e+01
6.000000000000000000e+01
4.500000000000000000e+01
6.000000000000000000e+01
4.200000000000000000e+01
4.900000000000000000e+01
6.100000000000000000e+01
5.200000000000000000e+01
4.200000000000000000e+01
5.800000000000000000e+01
5.300000000000000000e+01
4.400000000000000000e+01
-1.760000000000000000e+02
4.100000000000000000e+01
5.700000000000000000e+01
4.800000000000000000e+01
5.900000000000000000e+01
4.100000000000000000e+01
5.200000000000000000e+01
4.600000000000000000e+01
6.200000000000000000e+01
4.500000000000000000e+01
6.200000000000000000e+01
6.000000000000000000e+01
3.800000000000000000e+01
6.300000000000000000e+01
4.100000000000000000e+01
4.300000000000000000e+01
4.600000000000000000e+01
6.200000000000000000e+01
4.000000000000000000e+01
5.600000000000000000e+01
4.200000000000000000e+01
6.100000000000000000e+01
5.600000000000000000e+01
5.000000000000000000e+01
4.200000000000000000e+01
5.400000000000000000e+01
2.700000000000000000e+01
4.200000000000000000e+01
6.100000000000000000e+01
4.800000000000000000e+01
4.000000000000000000e+01
5.300000000000000000e+01
2.800000000000000000e+01
5.700000000000000000e+01
5.500000000000000000e+01
4.600000000000000000e+01
5.000000000000000000e+01
5.600000000000000000e+01
4.500000000000000000e+01
4.300000000000000000e+01
5.400000000000000000e+01
6.100000000000000000e+01
5.200000000000000000e+01
4.800000000000000000e+01
5.500000000000000000e+01
5.800000000000000000e+01
3.500000000000000000e+01
5.000000000000000000e+01
6.400000000000000000e+01
6.100000000000000000e+01
3.900000000000000000e+01
4.500000000000000000e+01
4.300000000000000000e+01
4.600000000000000000e+01
5.000000000000000000e+01
4.800000000000000000e+01
3.800000000000000000e+01
4.400000000000000000e+01
3.700000000000000000e+01
4.700000000000000000e+01
6.400000000000000000e+01
4.300000000000000000e+01
5.600000000000000000e+01
6.400000000000000000e+01
4.700000000000000000e+01
4.300000000000000000e+01
4.400000000000000000e+01
4.900000000000000000e+01
4.400000000000000000e+01
5.500000000000000000e+01
6.100000000000000000e+01
4.800000000000000000e+01
4.000000000000000000e+01
4.500000000000000000e+01
5.900000000000000000e+01
5.500000000000000000e+01
6.100000000000000000e+01
4.600000000000000000e+01
6.300000000000000000e+01
4.400000000000000000e+01
5.900000000000000000e+01
5.700000000000000000e+01
4.900000000000000000e+01
5.700000000000000000e+01
5.400000000000000000e+01
4.800000000000000000e+01
5.800000000000000000e+01
6.300000000000000000e+01
4.400000000000000000e+01
6.100000000000000000e+01
4.100000000000000000e+01
5.700000000000000000e+01
4.300000000000000000e+01
5.800000000000000000e+01
4.900000000000000000e+01
6.000000000000000000e+01
6.400000000000000000e+01
5.800000000000000000e+01
5.300000000000000000e+01
5.400000000000000000e+01
5.400000000000000000e+01
2.700000000000000000e+01
6.100000000000000000e+01
5.700000000000000000e+01
5.100000000000000000e+01
5.700000000000000000e+01
3.800000000000000000e+01
6.300000000000000000e+01
5.600000000000000000e+01
5.000000000000000000e+01
5.400000000000000000e+01
6.400000000000000000e+01
4.900000000000000000e+01
6.400000000000000000e+01
5.700000000000000000e+01
4.700000000000000000e+01
4.500000000000000000e+01
5.100000000000000000e+01
6.200000000000000000e+01
4.000000000000000000e+01
3.700000000000000000e+01
5.700000000000000000e+01
4.900000000000000000e+01
5.500000000000000000e+01
5.500000000000000000e+01
6.100000000000000000e+01
5.800000000000000000e+01
4.800000000000000000e+01
4.800000000000000000e+01
4.100000000000000000e+01
5.500000000000000000e+01
5.800000000000000000e+01
5.300000000000000000e+01
4.800000000000000000e+01
5.400000000000000000e+01
5.000000000000000000e+01
5.900000000000000000e+01
6.300000000000000000e+01
5.900000000000000000e+01
5.100000000000000000e+01
5.400000000000000000e+01
4.500000000000000000e+01
6.000000000000000000e+01
6.300000000000000000e+01
6.000000000000000000e+01
-3.000000000000000000e+00
4.700000000000000000e+01
5.300000000000000000e+01
5.900000000000000000e+01
5.000000000000000000e+01
5.000000000000000000e+01
5.100000000000000000e+01
5.200000000000000000e+01
4.700000000000000000e+01
6.000000000000000000e+01
4.700000000000000000e+01
5.000000000000000000e+01
4.700000000000000000e+01
5.200000000000000000e+01
6.000000000000000000e+01
5.800000000000000000e+01
5.100000000000000000e+01
5.000000000000000000e+01
5.900000000000000000e+01
5.900000000000000000e+01
4.600000000000000000e+01
5.300000000000000000e+01
4.800000000000000000e+01
5.400000000000000000e+01
5.000000000000000000e+01
5.800000000000000000e+01
4.900000000000000000e+01
5.100000000000000000e+01
5.800000000000000000e+01
5.700000000000000000e+01
5.600000000000000000e+01
5.800000000000000000e+01
4.300000000000000000e+01
3.300000000000000000e+01
5.000000000000000000e+01
4.900000000000000000e+01
6.000000000000000000e+01
4.800000000000000000e+01
4.100000000000000000e+01
6.100000000000000000e+01
5.100000000000000000e+01
5.800000000000000000e+01
5.700000000000000000e+01
3.900000000000000000e+01
4.800000000000000000e+01
6.000000000000000000e+01
5.500000000000000000e+01
4.700000000000000000e+01
5.600000000000000000e+01
5.100000000000000000e+01
5.100000000000000000e+01
5.200000000000000000e+01
4.700000000000000000e+01
6.100000000000000000e+01
3.900000000000000000e+01
-4.100000000000000000e+01
4.800000000000000000e+01
5.700000000000000000e+01
5.600000000000000000e+01
4.600000000000000000e+01
4.600000000000000000e+01
5.500000000000000000e+01
6.200000000000000000e+01
5.500000000000000000e+01
1.900000000000000000e+01
6.400000000000000000e+01
5.900000000000000000e+01
5.700000000000000000e+01
5.600000000000000000e+01
6.200000000000000000e+01
6.200000000000000000e+01
6.500000000000000000e+01
6.200000000000000000e+01
4.900000000000000000e+01
5.400000000000000000e+01
5.500000000000000000e+01
5.200000000000000000e+01
2.800000000000000000e+01
4.300000000000000000e+01
5.200000000000000000e+01
5.600000000000000000e+01
5.400000000000000000e+01
4.600000000000000000e+01
5.900000000000000000e+01
4.900000000000000000e+01
4.800000000000000000e+01
5.500000000000000000e+01
5.900000000000000000e+01
3.700000000000000000e+01
3.500000000000000000e+01
6.400000000000000000e+01
4.700000000000000000e+01
5.500000000000000000e+01
5.700000000000000000e+01
6.200000000000000000e+01
5.200000000000000000e+01
5.200000000000000000e+01
5.500000000000000000e+01
6.400000000000000000e+01
5.000000000000000000e+01
6.200000000000000000e+01
4.600000000000000000e+01
4.500000000000000000e+01
5.500000000000000000e+01
6.200000000000000000e+01
6.300000000000000000e+01
6.100000000000000000e+01
5.200000000000000000e+01
4.500000000000000000e+01
-1.300000000000000000e+01
4.400000000000000000e+01
5.300000000000000000e+01
3.900000000000000000e+01
5.300000000000000000e+01
6.000000000000000000e+01
5.000000000000000000e+01
5.700000000000000000e+01
6.400000000000000000e+01
5.700000000000000000e+01
4.800000000000000000e+01
3.700000000000000000e+01
6.100000000000000000e+01
6.300000000000000000e+01
5.800000000000000000e+01
5.300000000000000000e+01
4.800000000000000000e+01
4.200000000000000000e+01
4.500000000000000000e+01
4.400000000000000000e+01
4.600000000000000000e+01
5.100000000000000000e+01
5.500000000000000000e+01
5.100000000000000000e+01
4.200000000000000000e+01
6.200000000000000000e+01
6.400000000000000000e+01
4.600000000000000000e+01
5.300000000000000000e+01
5.800000000000000000e+01
4.600000000000000000e+01
6.500000000000000000e+01
5.300000000000000000e+01
5.800000000000000000e+01
4.000000000000000000e+01
4.600000000000000000e+01
5.800000000000000000e+01
5.700000000000000000e+01
2.700000000000000000e+01
4.700000000000000000e+01
4.000000000000000000e+01
3.300000000000000000e+01
5.400000000000000000e+01
6.700000000000000000e+01
6.200000000000000000e+01
5.300000000000000000e+01
6.100000000000000000e+01
5.700000000000000000e+01
5.800000000000000000e+01
4.800000000000000000e+01
5.000000000000000000e+01
6.200000000000000000e+01
6.000000000000000000e+01
5.900000000000000000e+01
4.800000000000000000e+01
4.300000000000000000e+01
5.700000000000000000e+01
5.000000000000000000e+01
2.000000000000000000e+00
6.400000000000000000e+01
5.000000000000000000e+01
5.400000000000000000e+01
5.600000000000000000e+01
5.400000000000000000e+01
6.000000000000000000e+01
5.500000000000000000e+01
4.800000000000000000e+01
6.000000000000000000e+01
5.700000000000000000e+01
6.200000000000000000e+01
4.700000000000000000e+01
3.600000000000000000e+01
5.100000000000000000e+01
5.200000000000000000e+01
5.800000000000000000e+01
6.100000000000000000e+01
5.100000000000000000e+01
5.100000000000000000e+01
5.300000000000000000e+01
5.900000000000000000e+01
6.100000000000000000e+01
9.000000000000000000e+00
-5.500000000000000000e+01
5.600000000000000000e+01
1.200000000000000000e+01
5.100000000000000000e+01
-1.230000000000000000e+02
5.800000000000000000e+01
-1.900000000000000000e+01
5.300000000000000000e+01
5.600000000000000000e+01
-3.000000000000000000e+01
6.000000000000000000e+01
5.800000000000000000e+01
-1.000000000000000000e+00
4.800000000000000000e+01
-5.200000000000000000e+01
-3.500000000000000000e+01
-1.530000000000000000e+02
4.500000000000000000e+01
-3.000000000000000000e+02
5.300000000000000000e+01
3.300000000000000000e+01
5.300000000000000000e+01
5.300000000000000000e+01
1.900000000000000000e+01
2.000000000000000000e+00
5.600000000000000000e+01
-1.300000000000000000e+01
-3.300000000000000000e+01
4.800000000000000000e+01
4.900000000000000000e+01
6.000000000000000000e+01
5.200000000000000000e+01
-7.000000000000000000e+00
5.200000000000000000e+01
-5.900000000000000000e+01
4.900000000000000000e+01
4.100000000000000000e+01
1.700000000000000000e+01
-2.000000000000000000e+00
5.900000000000000000e+01
4.900000000000000000e+01
5.000000000000000000e+00
-4.600000000000000000e+01
5.700000000000000000e+01
5.400000000000000000e+01
3.700000000000000000e+01
6.200000000000000000e+01
5.500000000000000000e+01
