-3.000000000000000000e+02
-3.000000000000000000e+02
-3.000000000000000000e+02
-3.000000000000000000e+02
-3.000000000000000000e+02
-3.000000000000000000e+02
-3.000000000000000000e+02
-3.000000000000000000e+02
-3.000000000000000000e+02
-3.000000000000000000e+02
-3.000000000000000000e+02
-3.000000000000000000e+02
-3.000000000000000000e+02
-3.000000000000000000e+02
-3.000000000000000000e+02
-3.000000000000000000e+02
-3.000000000000000000e+02
-3.000000000000000000e+02
-3.000000000000000000e+02
-3.000000000000000000e+02
-3.000000000000000000e+02
-3.000000000000000000e+02
-3.000000000000000000e+02
-3.000000000000000000e+02
-3.000000000000000000e+02
-3.000000000000000000e+02
-3.000000000000000000e+02
-3.000000000000000000e+02
-3.000000000000000000e+02
-3.000000000000000000e+02
-3.000000000000000000e+02
-3.000000000000000000e+02
-3.000000000000000000e+02
-3.000000000000000000e+02
-3.000000000000000000e+02
-3.000000000000000000e+02
-3.000000000000000000e+02
-3.000000000000000000e+02
-3.000000000000000000e+02
-3.000000000000000000e+02
-3.000000000000000000e+02
-3.000000000000000000e+02
-3.000000000000000000e+02
-3.000000000000000000e+02
-3.000000000000000000e+02
-3.000000000000000000e+02
-3.000000000000000000e+02
-3.000000000000000000e+02
-3.000000000000000000e+02
-3.000000000000000000e+02
-3.000000000000000000e+02
-3.000000000000000000e+02
-3.000000000000000000e+02
-3.000000000000000000e+02
-3.000000000000000000e+02
-3.000000000000000000e+02
-3.000000000000000000e+02
-3.000000000000000000e+02
-3.000000000000000000e+02
-3.000000000000000000e+02
-3.000000000000000000e+02
-3.000000000000000000e+02
-3.000000000000000000e+02
-3.000000000000000000e+02
-3.000000000000000000e+02
-3.000000000000000000e+02
-3.000000000000000000e+02
-3.000000000000000000e+02
-3.000000000000000000e+02
-3.000000000000000000e+02
-3.000000000000000000e+02
-3.000000000000000000e+02
-3.000000000000000000e+02
-3.000000000000000000e+02
-3.000000000000000000e+02
-3.000000000000000000e+02
-3.000000000000000000e+02
-3.000000000000000000e+02
-3.000000000000000000e+02
-3.000000000000000000e+02
-3.000000000000000000e+02
-3.000000000000000000e+02
-3.000000000000000000e+02
-3.000000000000000000e+02
-3.000000000000000000e+02
-3.000000000000000000e+02
-3.000000000000000000e+02
-3.000000000000000000e+02
-3.000000000000000000e+02
-3.000000000000000000e+02
-3.000000000000000000e+02
-3.000000000000000000e+02
-3.000000000000000000e+02
-3.000000000000000000e+02
-3.000000000000000000e+02
-3.000000000000000000e+02
-3.000000000000000000e+02
-3.000000000000000000e+02
-3.000000000000000000e+02
-3.000000000000000000e+02
-3.000000000000000000e+02
-3.000000000000000000e+02
-3.000000000000000000e+02
-3.000000000000000000e+02
-3.000000000000000000e+02
-3.000000000000000000e+02
-3.000000000000000000e+02
-3.000000000000000000e+02
-3.000000000000000000e+02
-3.000000000000000000e+02
-3.000000000000000000e+02
-3.000000000000000000e+02
-3.000000000000000000e+02
-3.000000000000000000e+02
-3.000000000000000000e+02
-3.000000000000000000e+02
-3.000000000000000000e+02
-3.000000000000000000e+02
-3.000000000000000000e+02
-3.000000000000000000e+02
-3.000000000000000000e+02
-3.000000000000000000e+02
-3.000000000000000000e+02
-3.000000000000000000e+02
-3.000000000000000000e+02
-3.000000000000000000e+02
-3.000000000000000000e+02
-3.000000000000000000e+02
-3.000000000000000000e+02
-3.000000000000000000e+02
-3.000000000000000000e+02
-6.600000000000000000e+01
-3.000000000000000000e+02
-3.000000000000000000e+02
-3.000000000000000000e+02
-3.000000000000000000e+02
-3.000000000000000000e+02
-3.000000000000000000e+02
-3.000000000000000000e+02
-3.000000000000000000e+02
-3.000000000000000000e+02
-3.000000000000000000e+02
-3.000000000000000000e+02
-3.000000000000000000e+02
-3.000000000000000000e+02
-3.000000000000000000e+02
-3.000000000000000000e+02
-3.000000000000000000e+02
-3.000000000000000000e+02
-3.000000000000000000e+02
-3.000000000000000000e+02
-3.000000000000000000e+02
-3.000000000000000000e+02
-3.000000000000000000e+02
-3.000000000000000000e+02
4.500000000000000000e+01
-3.000000000000000000e+02
-3.000000000000000000e+02
-3.000000000000000000e+02
-3.000000000000000000e+02
-3.000000000000000000e+02
-3.000000000000000000e+02
-3.000000000000000000e+02
-3.000000000000000000e+02
-3.000000000000000000e+02
-3.000000000000000000e+02
-3.000000000000000000e+02
-3.000000000000000000e+02
-3.000000000000000000e+02
-3.000000000000000000e+02
-3.000000000000000000e+02
-3.000000000000000000e+02
-3.000000000000000000e+02
-3.000000000000000000e+02
-3.000000000000000000e+02
-3.000000000000000000e+02
-3.000000000000000000e+02
-3.000000000000000000e+02
-3.000000000000000000e+02
-3.000000000000000000e+02
-3.000000000000000000e+02
-3.000000000000000000e+02
-1.370000000000000000e+02
-3.000000000000000000e+02
-3.000000000000000000e+02
-3.000000000000000000e+02
-3.000000000000000000e+02
-3.000000000000000000e+02
-3.000000000000000000e+02
-3.000000000000000000e+02
-3.000000000000000000e+02
-3.000000000000000000e+02
-3.000000000000000000e+02
-3.000000000000000000e+02
-3.000000000000000000e+02
-3.000000000000000000e+02
-3.000000000000000000e+02
-3.000000000000000000e+02
-3.000000000000000000e+02
-3.000000000000000000e+02
-3.000000000000000000e+02
-3.000000000000000000e+02
-3.000000000000000000e+02
-3.000000000000000000e+02
-3.000000000000000000e+02
-3.000000000000000000e+02
-3.000000000000000000e+02
-3.000000000000000000e+02
-3.000000000000000000e+02
-3.000000000000000000e+02
-3.000000000000000000e+02
-3.000000000000000000e+02
-3.000000000000000000e+02
-3.000000000000000000e+02
-3.000000000000000000e+02
-3.000000000000000000e+02
-3.000000000000000000e+02
-3.000000000000000000e+02
-3.000000000000000000e+02
-3.000000000000000000e+02
-3.000000000000000000e+02
-3.000000000000000000e+02
-3.000000000000000000e+02
-3.000000000000000000e+02
-3.000000000000000000e+02
-3.000000000000000000e+02
-3.000000000000000000e+02
-3.000000000000000000e+02
-3.000000000000000000e+02
-3.000000000000000000e+02
-3.000000000000000000e+02
-3.000000000000000000e+02
-3.000000000000000000e+02
-3.000000000000000000e+02
-3.000000000000000000e+02
-3.000000000000000000e+02
-3.000000000000000000e+02
-3.000000000000000000e+02
-3.000000000000000000e+02
-3.000000000000000000e+02
-3.000000000000000000e+02
-3.000000000000000000e+02
-3.000000000000000000e+02
-3.000000000000000000e+02
-3.000000000000000000e+02
-3.000000000000000000e+02
-3.000000000000000000e+02
-3.000000000000000000e+02
-3.000000000000000000e+02
-3.000000000000000000e+02
-3.000000000000000000e+02
-3.000000000000000000e+02
-3.000000000000000000e+02
-3.000000000000000000e+02
-3.000000000000000000e+02
-3.000000000000000000e+02
-3.000000000000000000e+02
-3.000000000000000000e+02
-3.000000000000000000e+02
-3.000000000000000000e+02
-3.000000000000000000e+02
-3.000000000000000000e+02
-3.000000000000000000e+02
-3.000000000000000000e+02
-3.000000000000000000e+02
-3.000000000000000000e+02
-3.000000000000000000e+02
-3.000000000000000000e+02
-3.000000000000000000e+02
-3.000000000000000000e+02
-3.000000000000000000e+02
-3.000000000000000000e+02
-3.000000000000000000e+02
-3.000000000000000000e+02
-3.000000000000000000e+02
-3.000000000000000000e+02
-3.000000000000000000e+02
-3.000000000000000000e+02
-3.000000000000000000e+02
-3.000000000000000000e+02
-3.000000000000000000e+02
-3.000000000000000000e+02
-3.000000000000000000e+02
-3.000000000000000000e+02
-3.000000000000000000e+02
-3.000000000000000000e+02
-3.000000000000000000e+02
-3.000000000000000000e+02
-3.000000000000000000e+02
-3.000000000000000000e+02
-3.000000000000000000e+02
-3.000000000000000000e+02
-3.000000000000000000e+02
-3.000000000000000000e+02
-3.000000000000000000e+02
-3.000000000000000000e+02
-3.000000000000000000e+02
-3.000000000000000000e+02
-3.000000000000000000e+02
-3.000000000000000000e+02
-3.000000000000000000e+02
-3.000000000000000000e+02
-3.000000000000000000e+02
-3.000000000000000000e+02
-3.000000000000000000e+02
-3.000000000000000000e+02
-3.000000000000000000e+02
-3.000000000000000000e+02
-3.000000000000000000e+02
-3.000000000000000000e+02
-3.000000000000000000e+02
-3.000000000000000000e+02
-3.000000000000000000e+02
-3.000000000000000000e+02
-3.000000000000000000e+02
-3.000000000000000000e+02
-3.000000000000000000e+02
-3.000000000000000000e+02
-3.000000000000000000e+02
-3.000000000000000000e+02
-3.000000000000000000e+02
-3.000000000000000000e+02
-3.000000000000000000e+02
-3.000000000000000000e+02
-3.000000000000000000e+02
-3.000000000000000000e+02
-3.000000000000000000e+02
-3.000000000000000000e+02
-3.000000000000000000e+02
-3.000000000000000000e+02
-3.000000000000000000e+02
-3.000000000000000000e+02
-3.000000000000000000e+02
-3.000000000000000000e+02
-3.000000000000000000e+02
-3.000000000000000000e+02
-3.000000000000000000e+02
-3.000000000000000000e+02
-3.000000000000000000e+02
-3.000000000000000000e+02
-3.000000000000000000e+02
-3.000000000000000000e+02
-3.000000000000000000e+02
-3.000000000000000000e+02
-3.000000000000000000e+02
-3.000000000000000000e+02
-3.000000000000000000e+02
-3.000000000000000000e+02
-3.000000000000000000e+02
-3.000000000000000000e+02
-3.000000000000000000e+02
-3.000000000000000000e+02
-3.000000000000000000e+02
-3.000000000000000000e+02
-3.000000000000000000e+02
-3.000000000000000000e+02
-3.000000000000000000e+02
-3.000000000000000000e+02
-3.000000000000000000e+02
-3.000000000000000000e+02
-3.000000000000000000e+02
-3.000000000000000000e+02
-3.000000000000000000e+02
-3.000000000000000000e+02
-3.000000000000000000e+02
-3.000000000000000000e+02
-3.000000000000000000e+02
-3.000000000000000000e+02
-3.000000000000000000e+02
-3.000000000000000000e+02
-3.000000000000000000e+02
-3.000000000000000000e+02
-3.000000000000000000e+02
-3.000000000000000000e+02
-3.000000000000000000e+02
-3.000000000000000000e+02
-3.000000000000000000e+02
-3.000000000000000000e+02
-3.000000000000000000e+02
-3.000000000000000000e+02
-3.000000000000000000e+02
-3.000000000000000000e+02
-3.000000000000000000e+02
-3.000000000000000000e+02
-3.000000000000000000e+02
-3.000000000000000000e+02
-3.000000000000000000e+02
-3.000000000000000000e+02
-3.000000000000000000e+02
-3.000000000000000000e+02
-3.000000000000000000e+02
-3.000000000000000000e+02
-3.000000000000000000e+02
-3.000000000000000000e+02
-3.000000000000000000e+02
-3.000000000000000000e+02
-3.000000000000000000e+02
-3.000000000000000000e+02
-3.000000000000000000e+02
-3.000000000000000000e+02
-3.000000000000000000e+02
-3.000000000000000000e+02
-3.000000000000000000e+02
-3.000000000000000000e+02
-3.000000000000000000e+02
-3.000000000000000000e+02
-3.000000000000000000e+02
-3.000000000000000000e+02
-3.000000000000000000e+02
-3.000000000000000000e+02
-3.000000000000000000e+02
-3.000000000000000000e+02
-3.000000000000000000e+02
-3.000000000000000000e+02
-3.000000000000000000e+02
-3.000000000000000000e+02
-3.000000000000000000e+02
-3.000000000000000000e+02
-3.000000000000000000e+02
-3.000000000000000000e+02
-3.000000000000000000e+02
5.000000000000000000e+00
-3.000000000000000000e+02
-3.000000000000000000e+02
-3.000000000000000000e+02
-3.000000000000000000e+02
-3.000000000000000000e+02
-3.000000000000000000e+02
-3.000000000000000000e+02
-3.000000000000000000e+02
-3.000000000000000000e+02
-3.000000000000000000e+02
-3.000000000000000000e+02
-3.000000000000000000e+02
-3.000000000000000000e+02
-3.000000000000000000e+02
-3.000000000000000000e+02
-3.000000000000000000e+02
-3.000000000000000000e+02
-3.000000000000000000e+02
-3.000000000000000000e+02
-3.000000000000000000e+02
-3.000000000000000000e+02
-3.000000000000000000e+02
-3.000000000000000000e+02
-3.000000000000000000e+02
-3.000000000000000000e+02
-3.000000000000000000e+02
-3.000000000000000000e+02
-3.000000000000000000e+02
-3.000000000000000000e+02
-3.000000000000000000e+02
-3.000000000000000000e+02
-3.000000000000000000e+02
-3.000000000000000000e+02
-3.000000000000000000e+02
-3.000000000000000000e+02
-3.000000000000000000e+02
-3.000000000000000000e+02
-3.000000000000000000e+02
-3.000000000000000000e+02
-3.000000000000000000e+02
-3.000000000000000000e+02
-3.000000000000000000e+02
-3.000000000000000000e+02
-3.000000000000000000e+02
-3.000000000000000000e+02
-3.000000000000000000e+02
-3.000000000000000000e+02
-3.000000000000000000e+02
-3.000000000000000000e+02
-3.000000000000000000e+02
-3.000000000000000000e+02
-3.000000000000000000e+02
-3.000000000000000000e+02
-3.000000000000000000e+02
-3.000000000000000000e+02
-3.000000000000000000e+02
-3.000000000000000000e+02
-3.000000000000000000e+02
-3.000000000000000000e+02
-3.000000000000000000e+02
-3.000000000000000000e+02
-3.000000000000000000e+02
-3.000000000000000000e+02
-3.000000000000000000e+02
-3.000000000000000000e+02
-3.000000000000000000e+02
-3.000000000000000000e+02
-3.000000000000000000e+02
-3.000000000000000000e+02
-3.000000000000000000e+02
-3.000000000000000000e+02
-3.000000000000000000e+02
-3.000000000000000000e+02
-3.000000000000000000e+02
-3.000000000000000000e+02
-3.000000000000000000e+02
-3.000000000000000000e+02
-3.000000000000000000e+02
-3.000000000000000000e+02
-3.000000000000000000e+02
-5.100000000000000000e+01
-3.000000000000000000e+02
-3.000000000000000000e+02
-3.000000000000000000e+02
-3.000000000000000000e+02
-3.000000000000000000e+02
-3.000000000000000000e+02
-3.000000000000000000e+02
-3.000000000000000000e+02
-3.000000000000000000e+02
-3.000000000000000000e+02
-3.000000000000000000e+02
-3.000000000000000000e+02
-3.000000000000000000e+02
-3.000000000000000000e+02
-3.000000000000000000e+02
-3.000000000000000000e+02
-3.000000000000000000e+02
-3.000000000000000000e+02
-3.000000000000000000e+02
-3.000000000000000000e+02
-3.000000000000000000e+02
-3.000000000000000000e+02
-3.000000000000000000e+02
-3.000000000000000000e+02
-3.000000000000000000e+02
-3.000000000000000000e+02
-3.000000000000000000e+02
-3.000000000000000000e+02
-3.000000000000000000e+02
-3.000000000000000000e+02
-3.000000000000000000e+02
-3.000000000000000000e+02
-3.000000000000000000e+02
-3.000000000000000000e+02
-3.000000000000000000e+02
-3.000000000000000000e+02
-3.000000000000000000e+02
-3.000000000000000000e+02
-3.000000000000000000e+02
-3.000000000000000000e+02
-3.000000000000000000e+02
-3.000000000000000000e+02
-3.000000000000000000e+02
-3.000000000000000000e+02
-3.000000000000000000e+02
-3.000000000000000000e+02
-3.000000000000000000e+02
-3.000000000000000000e+02
-3.000000000000000000e+02
-3.000000000000000000e+02
-3.000000000000000000e+02
-3.000000000000000000e+02
-3.000000000000000000e+02
-3.000000000000000000e+02
-3.000000000000000000e+02
-3.000000000000000000e+02
-3.000000000000000000e+02
-3.000000000000000000e+02
-3.000000000000000000e+02
-3.000000000000000000e+02
-3.000000000000000000e+02
-3.000000000000000000e+02
-3.000000000000000000e+02
-3.000000000000000000e+02
-3.000000000000000000e+02
-3.000000000000000000e+02
-3.000000000000000000e+02
-3.000000000000000000e+02
-3.000000000000000000e+02
-3.000000000000000000e+02
-3.000000000000000000e+02
-3.000000000000000000e+02
-3.000000000000000000e+02
-3.000000000000000000e+02
-3.000000000000000000e+02
-3.000000000000000000e+02
-3.000000000000000000e+02
-3.000000000000000000e+02
-3.000000000000000000e+02
-3.000000000000000000e+02
-3.000000000000000000e+02
-3.000000000000000000e+02
-3.000000000000000000e+02
-3.000000000000000000e+02
-3.000000000000000000e+02
-3.000000000000000000e+02
-3.000000000000000000e+02
-3.000000000000000000e+02
-3.000000000000000000e+02
-3.000000000000000000e+02
-3.000000000000000000e+02
-3.000000000000000000e+02
-3.000000000000000000e+02
-3.000000000000000000e+02
-3.000000000000000000e+02
-3.000000000000000000e+02
-3.000000000000000000e+02
-3.000000000000000000e+02
-3.000000000000000000e+02
-3.000000000000000000e+02
-3.000000000000000000e+02
-3.000000000000000000e+02
-3.000000000000000000e+02
-3.000000000000000000e+02
-3.000000000000000000e+02
-3.000000000000000000e+02
-3.000000000000000000e+02
-3.000000000000000000e+02
-3.000000000000000000e+02
-3.000000000000000000e+02
-3.000000000000000000e+02
-3.000000000000000000e+02
-3.000000000000000000e+02
-3.000000000000000000e+02
-3.000000000000000000e+02
-3.000000000000000000e+02
-3.000000000000000000e+02
-3.000000000000000000e+02
-3.000000000000000000e+02
-3.000000000000000000e+02
-3.000000000000000000e+02
-3.000000000000000000e+02
-3.000000000000000000e+02
-3.000000000000000000e+02
-3.000000000000000000e+02
-3.000000000000000000e+02
-3.000000000000000000e+02
-3.000000000000000000e+02
-3.000000000000000000e+02
-3.000000000000000000e+02
-3.000000000000000000e+02
-3.000000000000000000e+02
-3.000000000000000000e+02
-3.000000000000000000e+02
-3.000000000000000000e+02
-3.000000000000000000e+02
-3.000000000000000000e+02
-3.000000000000000000e+02
-3.000000000000000000e+02
-3.000000000000000000e+02
-3.000000000000000000e+02
-3.000000000000000000e+02
-3.000000000000000000e+02
-3.000000000000000000e+02
-3.000000000000000000e+02
-3.000000000000000000e+02
-3.000000000000000000e+02
-3.000000000000000000e+02
-3.000000000000000000e+02
-3.000000000000000000e+02
-3.000000000000000000e+02
-3.000000000000000000e+02
-3.000000000000000000e+02
-3.000000000000000000e+02
-1.880000000000000000e+02
-3.000000000000000000e+02
-3.000000000000000000e+02
-3.000000000000000000e+02
-3.000000000000000000e+02
-3.000000000000000000e+02
-3.000000000000000000e+02
-3.000000000000000000e+02
-3.000000000000000000e+02
-3.000000000000000000e+02
-3.000000000000000000e+02
-3.000000000000000000e+02
-3.000000000000000000e+02
-3.000000000000000000e+02
-3.000000000000000000e+02
-3.000000000000000000e+02
-3.000000000000000000e+02
-3.000000000000000000e+02
-3.000000000000000000e+02
-3.000000000000000000e+02
-3.000000000000000000e+02
-3.000000000000000000e+02
-3.000000000000000000e+02
-3.000000000000000000e+02
-3.000000000000000000e+02
-3.000000000000000000e+02
-3.000000000000000000e+02
-3.000000000000000000e+02
-3.000000000000000000e+02
-3.000000000000000000e+02
-3.000000000000000000e+02
-3.000000000000000000e+02
-3.000000000000000000e+02
-3.000000000000000000e+02
-3.000000000000000000e+02
-3.000000000000000000e+02
-3.000000000000000000e+02
-3.000000000000000000e+02
-3.000000000000000000e+02
-3.000000000000000000e+02
-3.000000000000000000e+02
-3.000000000000000000e+02
-3.000000000000000000e+02
-3.000000000000000000e+02
5.100000000000000000e+01
-3.000000000000000000e+02
-3.000000000000000000e+02
-3.000000000000000000e+02
-3.000000000000000000e+02
-3.000000000000000000e+02
-3.000000000000000000e+02
-3.000000000000000000e+02
-3.000000000000000000e+02
-3.000000000000000000e+02
-3.000000000000000000e+02
9.000000000000000000e+00
-3.000000000000000000e+02
-3.000000000000000000e+02
-3.000000000000000000e+02
-3.000000000000000000e+02
-3.000000000000000000e+02
-3.000000000000000000e+02
-3.000000000000000000e+02
-3.000000000000000000e+02
-3.000000000000000000e+02
-2.200000000000000000e+01
-3.000000000000000000e+02
-3.000000000000000000e+02
-3.000000000000000000e+02
-3.000000000000000000e+02
-3.000000000000000000e+02
-3.000000000000000000e+02
-3.000000000000000000e+02
-3.000000000000000000e+02
-3.000000000000000000e+02
-3.000000000000000000e+02
-3.000000000000000000e+02
-3.000000000000000000e+02
-3.000000000000000000e+02
-3.000000000000000000e+02
-3.000000000000000000e+02
-3.000000000000000000e+02
-3.000000000000000000e+02
-1.180000000000000000e+02
-3.000000000000000000e+02
-3.000000000000000000e+02
-3.000000000000000000e+02
-3.000000000000000000e+02
-3.000000000000000000e+02
-3.000000000000000000e+02
-3.000000000000000000e+02
-1.370000000000000000e+02
-3.000000000000000000e+02
-8.000000000000000000e+01
-3.000000000000000000e+02
-3.000000000000000000e+02
-3.000000000000000000e+02
-1.300000000000000000e+02
-3.000000000000000000e+02
-3.000000000000000000e+02
-3.000000000000000000e+02
-3.000000000000000000e+02
-3.000000000000000000e+02
-3.000000000000000000e+02
-3.000000000000000000e+02
-1.190000000000000000e+02
-1.960000000000000000e+02
-3.000000000000000000e+02
-1.700000000000000000e+02
-3.000000000000000000e+02
-3.000000000000000000e+02
-3.000000000000000000e+02
-3.000000000000000000e+02
-3.000000000000000000e+02
-1.610000000000000000e+02
-3.000000000000000000e+02
-3.000000000000000000e+02
-3.000000000000000000e+02
-3.000000000000000000e+02
-3.000000000000000000e+02
-3.000000000000000000e+02
-3.000000000000000000e+02
-3.000000000000000000e+02
-3.000000000000000000e+02
-3.000000000000000000e+02
-3.000000000000000000e+02
-3.000000000000000000e+02
-1.510000000000000000e+02
-1.540000000000000000e+02
-3.000000000000000000e+02
-3.000000000000000000e+02
-3.000000000000000000e+02
-3.000000000000000000e+02
-3.000000000000000000e+02
-3.000000000000000000e+02
-3.000000000000000000e+02
-3.000000000000000000e+02
-3.000000000000000000e+02
-3.000000000000000000e+02
-3.000000000000000000e+02
-3.000000000000000000e+02
-3.000000000000000000e+02
-3.000000000000000000e+02
-3.000000000000000000e+02
-3.000000000000000000e+02
-3.000000000000000000e+02
-3.000000000000000000e+02
-1.400000000000000000e+02
-3.000000000000000000e+02
-3.000000000000000000e+02
-3.000000000000000000e+02
-3.000000000000000000e+02
-3.000000000000000000e+02
-3.000000000000000000e+02
-3.000000000000000000e+02
-3.000000000000000000e+02
-3.000000000000000000e+02
-3.000000000000000000e+02
-3.000000000000000000e+02
-3.000000000000000000e+02
-3.000000000000000000e+02
-3.000000000000000000e+02
-3.000000000000000000e+02
-3.000000000000000000e+02
-3.000000000000000000e+02
-3.000000000000000000e+02
-7.500000000000000000e+01
-3.000000000000000000e+02
-3.000000000000000000e+02
-3.000000000000000000e+02
-3.000000000000000000e+02
-3.000000000000000000e+02
-3.000000000000000000e+02
-3.000000000000000000e+02
-3.000000000000000000e+02
-3.000000000000000000e+02
-1.160000000000000000e+02
-3.000000000000000000e+02
-3.000000000000000000e+02
-3.000000000000000000e+02
-3.000000000000000000e+02
-3.000000000000000000e+02
-3.000000000000000000e+02
-3.000000000000000000e+02
-3.000000000000000000e+02
-3.000000000000000000e+02
-3.000000000000000000e+02
-3.000000000000000000e+02
-3.000000000000000000e+02
-3.000000000000000000e+02
-3.000000000000000000e+02
-1.650000000000000000e+02
-3.000000000000000000e+02
-3.000000000000000000e+02
-3.000000000000000000e+02
-3.000000000000000000e+02
-3.000000000000000000e+02
-3.000000000000000000e+02
-3.000000000000000000e+02
-1.030000000000000000e+02
-3.000000000000000000e+02
-3.000000000000000000e+02
-9.300000000000000000e+01
-5.000000000000000000e+00
-3.000000000000000000e+02
-3.000000000000000000e+02
-3.000000000000000000e+02
-3.000000000000000000e+02
-3.000000000000000000e+02
-3.000000000000000000e+02
-3.000000000000000000e+02
-3.000000000000000000e+02
-1.150000000000000000e+02
4.800000000000000000e+01
-3.000000000000000000e+02
-3.000000000000000000e+02
-3.000000000000000000e+02
-3.000000000000000000e+02
-3.000000000000000000e+02
-3.000000000000000000e+02
-3.000000000000000000e+02
-3.000000000000000000e+02
2.000000000000000000e+01
-3.000000000000000000e+02
-3.000000000000000000e+02
-3.000000000000000000e+02
-3.000000000000000000e+02
-3.000000000000000000e+02
-3.000000000000000000e+02
-3.000000000000000000e+02
-3.000000000000000000e+02
5.400000000000000000e+01
-3.000000000000000000e+02
1.200000000000000000e+01
-3.000000000000000000e+02
-3.000000000000000000e+02
-3.000000000000000000e+02
-3.000000000000000000e+02
-3.000000000000000000e+02
-3.000000000000000000e+02
-3.000000000000000000e+02
-1.330000000000000000e+02
-4.500000000000000000e+01
-3.000000000000000000e+02
-3.000000000000000000e+02
-3.000000000000000000e+02
-3.000000000000000000e+02
-3.000000000000000000e+02
-3.000000000000000000e+02
-1.610000000000000000e+02
-3.000000000000000000e+02
4.200000000000000000e+01
-3.000000000000000000e+02
-3.000000000000000000e+02
-1.200000000000000000e+01
-3.000000000000000000e+02
-4.500000000000000000e+01
-1.680000000000000000e+02
-5.700000000000000000e+01
-3.000000000000000000e+02
-3.000000000000000000e+02
-3.000000000000000000e+02
-3.000000000000000000e+02
-3.000000000000000000e+02
-3.000000000000000000e+02
-3.000000000000000000e+02
-3.000000000000000000e+02
5.600000000000000000e+01
-3.000000000000000000e+02
-3.000000000000000000e+02
-3.000000000000000000e+02
-3.000000000000000000e+02
-3.000000000000000000e+02
-3.000000000000000000e+02
-3.000000000000000000e+02
-3.000000000000000000e+02
-3.000000000000000000e+02
-3.000000000000000000e+02
-3.000000000000000000e+02
-1.620000000000000000e+02
-3.200000000000000000e+01
-3.000000000000000000e+02
0.000000000000000000e+00
5.200000000000000000e+01
-3.000000000000000000e+02
-3.000000000000000000e+02
-3.000000000000000000e+02
-3.000000000000000000e+02
-3.000000000000000000e+02
-3.000000000000000000e+02
-3.000000000000000000e+02
3.600000000000000000e+01
-3.000000000000000000e+02
-1.700000000000000000e+01
-3.000000000000000000e+02
-3.000000000000000000e+02
-3.000000000000000000e+02
-3.000000000000000000e+02
-3.000000000000000000e+02
-6.200000000000000000e+01
6.000000000000000000e+01
-1.900000000000000000e+01
-3.000000000000000000e+02
-3.000000000000000000e+02
-3.000000000000000000e+02
-9.100000000000000000e+01
-1.000000000000000000e+00
-3.000000000000000000e+02
-3.000000000000000000e+02
4.000000000000000000e+01
-3.000000000000000000e+02
-3.000000000000000000e+02
5.900000000000000000e+01
5.000000000000000000e+01
-1.400000000000000000e+01
-3.000000000000000000e+02
-3.400000000000000000e+01
5.600000000000000000e+01
-3.000000000000000000e+02
-3.000000000000000000e+02
-3.000000000000000000e+02
-3.000000000000000000e+02
4.500000000000000000e+01
4.700000000000000000e+01
-3.000000000000000000e+02
-4.700000000000000000e+01
-3.000000000000000000e+02
6.600000000000000000e+01
5.100000000000000000e+01
6.000000000000000000e+01
5.800000000000000000e+01
-3.000000000000000000e+02
5.600000000000000000e+01
-3.000000000000000000e+02
-3.000000000000000000e+02
-5.600000000000000000e+01
-3.000000000000000000e+02
-3.000000000000000000e+02
3.800000000000000000e+01
-3.000000000000000000e+02
-3.000000000000000000e+02
6.100000000000000000e+01
4.700000000000000000e+01
