-3.000000000000000000e+02
-3.000000000000000000e+02
-3.000000000000000000e+02
-3.000000000000000000e+02
-3.000000000000000000e+02
-3.000000000000000000e+02
-3.000000000000000000e+02
-3.000000000000000000e+02
-3.000000000000000000e+02
-3.000000000000000000e+02
-3.000000000000000000e+02
-3.000000000000000000e+02
-3.000000000000000000e+02
-3.000000000000000000e+02
-3.000000000000000000e+02
-3.000000000000000000e+02
-3.000000000000000000e+02
-3.000000000000000000e+02
-3.000000000000000000e+02
-3.000000000000000000e+02
-3.000000000000000000e+02
-3.000000000000000000e+02
-3.000000000000000000e+02
-3.000000000000000000e+02
-3.000000000000000000e+02
-3.000000000000000000e+02
-3.000000000000000000e+02
-3.000000000000000000e+02
-3.000000000000000000e+02
-3.000000000000000000e+02
-3.000000000000000000e+02
-3.000000000000000000e+02
-3.000000000000000000e+02
-3.000000000000000000e+02
-3.000000000000000000e+02
-3.000000000000000000e+02
-3.000000000000000000e+02
-8.800000000000000000e+01
-3.000000000000000000e+02
-3.000000000000000000e+02
-3.000000000000000000e+02
-3.000000000000000000e+02
-3.000000000000000000e+02
-3.000000000000000000e+02
-3.000000000000000000e+02
-3.000000000000000000e+02
-3.000000000000000000e+02
-3.000000000000000000e+02
-3.000000000000000000e+02
-3.000000000000000000e+02
-3.000000000000000000e+02
-3.000000000000000000e+02
-3.000000000000000000e+02
-3.000000000000000000e+02
-3.000000000000000000e+02
-3.000000000000000000e+02
-3.000000000000000000e+02
-3.000000000000000000e+02
-3.000000000000000000e+02
-3.000000000000000000e+02
-3.000000000000000000e+02
-3.000000000000000000e+02
-3.000000000000000000e+02
-3.000000000000000000e+02
-3.000000000000000000e+02
-3.000000000000000000e+02
-3.000000000000000000e+02
-3.000000000000000000e+02
-3.000000000000000000e+02
-3.000000000000000000e+02
-3.000000000000000000e+02
-3.000000000000000000e+02
-3.000000000000000000e+02
-3.000000000000000000e+02
-3.000000000000000000e+02
-3.000000000000000000e+02
-3.000000000000000000e+02
-3.000000000000000000e+02
-3.000000000000000000e+02
-3.000000000000000000e+02
-3.000000000000000000e+02
-3.000000000000000000e+02
-3.000000000000000000e+02
-3.000000000000000000e+02
-3.000000000000000000e+02
-3.000000000000000000e+02
-3.000000000000000000e+02
-3.000000000000000000e+02
-3.000000000000000000e+02
-3.000000000000000000e+02
-3.000000000000000000e+02
-3.000000000000000000e+02
-3.000000000000000000e+02
-3.000000000000000000e+02
-3.000000000000000000e+02
-3.000000000000000000e+02
-3.000000000000000000e+02
-3.000000000000000000e+02
4.300000000000000000e+01
-3.000000000000000000e+02
-3.000000000000000000e+02
-3.000000000000000000e+02
-3.000000000000000000e+02
5.500000000000000000e+01
-3.000000000000000000e+02
-3.000000000000000000e+02
-3.000000000000000000e+02
-3.000000000000000000e+02
-3.000000000000000000e+02
-3.000000000000000000e+02
-3.000000000000000000e+02
-3.000000000000000000e+02
-3.000000000000000000e+02
-1.190000000000000000e+02
-3.000000000000000000e+02
-3.000000000000000000e+02
-3.000000000000000000e+02
-3.000000000000000000e+02
-3.000000000000000000e+02
-3.000000000000000000e+02
-3.000000000000000000e+02
-3.000000000000000000e+02
-3.000000000000000000e+02
-5.500000000000000000e+01
-3.000000000000000000e+02
-3.000000000000000000e+02
-3.000000000000000000e+02
-3.000000000000000000e+02
-3.000000000000000000e+02
-3.000000000000000000e+02
-3.000000000000000000e+02
-1.300000000000000000e+02
-3.000000000000000000e+02
-3.000000000000000000e+02
-3.000000000000000000e+02
-3.000000000000000000e+02
-3.000000000000000000e+02
-3.000000000000000000e+02
-3.000000000000000000e+02
-3.000000000000000000e+02
5.400000000000000000e+01
-3.000000000000000000e+02
-3.000000000000000000e+02
-3.000000000000000000e+02
-3.000000000000000000e+02
-1.700000000000000000e+01
-3.000000000000000000e+02
-3.000000000000000000e+02
4.300000000000000000e+01
-3.000000000000000000e+02
-3.000000000000000000e+02
-3.000000000000000000e+02
-3.000000000000000000e+02
-3.000000000000000000e+02
-3.000000000000000000e+02
-3.000000000000000000e+02
-3.000000000000000000e+02
-3.000000000000000000e+02
-3.000000000000000000e+02
-1.600000000000000000e+01
-3.000000000000000000e+02
-3.000000000000000000e+02
-3.000000000000000000e+02
3.900000000000000000e+01
-3.000000000000000000e+02
3.000000000000000000e+01
5.800000000000000000e+01
-3.000000000000000000e+02
-3.000000000000000000e+02
-3.000000000000000000e+02
-1.090000000000000000e+02
-3.000000000000000000e+02
-3.000000000000000000e+02
-3.000000000000000000e+02
-3.000000000000000000e+02
-3.000000000000000000e+02
-3.000000000000000000e+02
-1.000000000000000000e+00
-3.000000000000000000e+02
5.900000000000000000e+01
-3.000000000000000000e+02
-3.000000000000000000e+02
-3.000000000000000000e+02
-3.000000000000000000e+02
-3.000000000000000000e+02
-3.000000000000000000e+02
-5.000000000000000000e+01
5.700000000000000000e+01
-3.000000000000000000e+02
-1.220000000000000000e+02
-3.000000000000000000e+02
-3.000000000000000000e+02
-3.000000000000000000e+02
6.000000000000000000e+01
-6.000000000000000000e+00
-3.000000000000000000e+02
-3.000000000000000000e+02
-3.000000000000000000e+02
-3.000000000000000000e+02
-3.000000000000000000e+02
-1.960000000000000000e+02
-3.000000000000000000e+02
-3.000000000000000000e+02
-8.900000000000000000e+01
-3.000000000000000000e+02
-3.000000000000000000e+02
1.600000000000000000e+01
-1.000000000000000000e+00
-1.190000000000000000e+02
-3.000000000000000000e+02
-3.000000000000000000e+02
-3.000000000000000000e+02
-3.000000000000000000e+02
-3.000000000000000000e+02
-3.000000000000000000e+01
-1.100000000000000000e+02
4.200000000000000000e+01
-7.600000000000000000e+01
-1.600000000000000000e+01
4.100000000000000000e+01
-3.000000000000000000e+02
-1.950000000000000000e+02
-6.000000000000000000e+00
6.000000000000000000e+01
-1.800000000000000000e+02
6.200000000000000000e+01
-3.000000000000000000e+02
5.000000000000000000e+01
3.900000000000000000e+01
4.300000000000000000e+01
-9.800000000000000000e+01
3.700000000000000000e+01
-6.200000000000000000e+01
5.200000000000000000e+01
4.400000000000000000e+01
1.000000000000000000e+00
2.500000000000000000e+01
4.700000000000000000e+01
-2.400000000000000000e+01
5.400000000000000000e+01
-3.000000000000000000e+02
5.500000000000000000e+01
-3.000000000000000000e+02
5.700000000000000000e+01
-1.110000000000000000e+02
4.700000000000000000e+01
-3.000000000000000000e+02
5.100000000000000000e+01
-1.420000000000000000e+02
6.400000000000000000e+01
5.700000000000000000e+01
5.000000000000000000e+01
5.100000000000000000e+01
1.200000000000000000e+01
6.200000000000000000e+01
5.000000000000000000e+01
5.500000000000000000e+01
3.700000000000000000e+01
6.400000000000000000e+01
3.600000000000000000e+01
4.800000000000000000e+01
6.200000000000000000e+01
4.800000000000000000e+01
5.500000000000000000e+01
0.000000000000000000e+00
3.000000000000000000e+00
5.000000000000000000e+01
-1.550000000000000000e+02
5.500000000000000000e+01
5.300000000000000000e+01
4.300000000000000000e+01
4.300000000000000000e+01
-3.000000000000000000e+02
4.800000000000000000e+01
5.500000000000000000e+01
5.500000000000000000e+01
5.300000000000000000e+01
4.500000000000000000e+01
4.200000000000000000e+01
-3.000000000000000000e+00
5.400000000000000000e+01
5.600000000000000000e+01
3.900000000000000000e+01
3.700000000000000000e+01
6.300000000000000000e+01
5.100000000000000000e+01
4.500000000000000000e+01
5.500000000000000000e+01
-1.850000000000000000e+02
5.200000000000000000e+01
-3.500000000000000000e+01
5.400000000000000000e+01
4.300000000000000000e+01
4.200000000000000000e+01
4.900000000000000000e+01
-1.160000000000000000e+02
3.800000000000000000e+01
5.600000000000000000e+01
9.000000000000000000e+00
5.700000000000000000e+01
-4.300000000000000000e+01
5.700000000000000000e+01
6.400000000000000000e+01
-1.940000000000000000e+02
4.600000000000000000e+01
5.400000000000000000e+01
-1.200000000000000000e+01
-5.500000000000000000e+01
4.200000000000000000e+01
-3.000000000000000000e+00
4.500000000000000000e+01
3.200000000000000000e+01
5.200000000000000000e+01
1.300000000000000000e+01
4.700000000000000000e+01
6.200000000000000000e+01
4.900000000000000000e+01
5.200000000000000000e+01
4.600000000000000000e+01
5.100000000000000000e+01
-4.000000000000000000e+00
4.500000000000000000e+01
4.200000000000000000e+01
6.200000000000000000e+01
4.900000000000000000e+01
5.900000000000000000e+01
5.100000000000000000e+01
5.100000000000000000e+01
3.600000000000000000e+01
5.700000000000000000e+01
5.000000000000000000e+01
5.600000000000000000e+01
5.800000000000000000e+01
4.200000000000000000e+01
5.100000000000000000e+01
6.100000000000000000e+01
5.900000000000000000e+01
5.400000000000000000e+01
3.600000000000000000e+01
6.400000000000000000e+01
5.600000000000000000e+01
5.600000000000000000e+01
5.700000000000000000e+01
5.900000000000000000e+01
5.100000000000000000e+01
4.300000000000000000e+01
4.000000000000000000e+01
4.400000000000000000e+01
5.300000000000000000e+01
3.400000000000000000e+01
5.600000000000000000e+01
4.200000000000000000e+01
5.900000000000000000e+01
5.700000000000000000e+01
5.200000000000000000e+01
6.100000000000000000e+01
4.800000000000000000e+01
4.100000000000000000e+01
5.800000000000000000e+01
5.400000000000000000e+01
5.800000000000000000e+01
4.200000000000000000e+01
5.100000000000000000e+01
5.200000000000000000e+01
5.400000000000000000e+01
4.600000000000000000e+01
5.700000000000000000e+01
4.700000000000000000e+01
4.100000000000000000e+01
4.800000000000000000e+01
4.600000000000000000e+01
5.400000000000000000e+01
5.700000000000000000e+01
5.300000000000000000e+01
5.700000000000000000e+01
2.800000000000000000e+01
4.000000000000000000e+01
5.200000000000000000e+01
4.700000000000000000e+01
5.000000000000000000e+01
4.500000000000000000e+01
5.700000000000000000e+01
4.900000000000000000e+01
5.700000000000000000e+01
4.900000000000000000e+01
4.000000000000000000e+01
5.300000000000000000e+01
5.100000000000000000e+01
4.500000000000000000e+01
4.600000000000000000e+01
5.500000000000000000e+01
5.100000000000000000e+01
4.600000000000000000e+01
4.100000000000000000e+01
4.800000000000000000e+01
5.100000000000000000e+01
4.800000000000000000e+01
5.300000000000000000e+01
4.600000000000000000e+01
4.700000000000000000e+01
5.900000000000000000e+01
4.300000000000000000e+01
5.300000000000000000e+01
5.700000000000000000e+01
5.900000000000000000e+01
4.200000000000000000e+01
5.600000000000000000e+01
3.800000000000000000e+01
3.800000000000000000e+01
4.000000000000000000e+01
5.900000000000000000e+01
5.000000000000000000e+01
4.500000000000000000e+01
5.400000000000000000e+01
5.400000000000000000e+01
5.100000000000000000e+01
4.900000000000000000e+01
5.600000000000000000e+01
5.000000000000000000e+01
4.800000000000000000e+01
4.800000000000000000e+01
5.500000000000000000e+01
4.500000000000000000e+01
5.200000000000000000e+01
4.800000000000000000e+01
4.900000000000000000e+01
5.300000000000000000e+01
6.200000000000000000e+01
6.400000000000000000e+01
4.300000000000000000e+01
4.300000000000000000e+01
5.100000000000000000e+01
5.600000000000000000e+01
4.000000000000000000e+01
4.300000000000000000e+01
3.900000000000000000e+01
5.400000000000000000e+01
4.600000000000000000e+01
5.000000000000000000e+01
6.100000000000000000e+01
5.000000000000000000e+01
4.400000000000000000e+01
3.600000000000000000e+01
5.000000000000000000e+01
4.700000000000000000e+01
4.000000000000000000e+01
4.900000000000000000e+01
4.700000000000000000e+01
5.600000000000000000e+01
5.700000000000000000e+01
5.000000000000000000e+01
4.300000000000000000e+01
3.700000000000000000e+01
4.800000000000000000e+01
4.600000000000000000e+01
5.700000000000000000e+01
4.500000000000000000e+01
5.300000000000000000e+01
4.800000000000000000e+01
5.200000000000000000e+01
4.800000000000000000e+01
5.600000000000000000e+01
5.600000000000000000e+01
5.900000000000000000e+01
3.900000000000000000e+01
6.100000000000000000e+01
5.300000000000000000e+01
4.600000000000000000e+01
5.700000000000000000e+01
4.900000000000000000e+01
3.600000000000000000e+01
4.800000000000000000e+01
4.500000000000000000e+01
4.700000000000000000e+01
5.100000000000000000e+01
4.600000000000000000e+01
5.500000000000000000e+01
6.600000000000000000e+01
4.900000000000000000e+01
5.000000000000000000e+01
4.800000000000000000e+01
4.500000000000000000e+01
5.300000000000000000e+01
4.900000000000000000e+01
5.400000000000000000e+01
4.500000000000000000e+01
3.900000000000000000e+01
3.000000000000000000e+01
4.600000000000000000e+01
4.900000000000000000e+01
5.000000000000000000e+01
3.900000000000000000e+01
5.900000000000000000e+01
5.600000000000000000e+01
6.000000000000000000e+01
5.600000000000000000e+01
3.700000000000000000e+01
5.400000000000000000e+01
5.800000000000000000e+01
4.800000000000000000e+01
4.700000000000000000e+01
4.800000000000000000e+01
5.500000000000000000e+01
4.600000000000000000e+01
5.900000000000000000e+01
4.700000000000000000e+01
4.100000000000000000e+01
6.000000000000000000e+01
5.300000000000000000e+01
4.500000000000000000e+01
4.200000000000000000e+01
5.200000000000000000e+01
5.300000000000000000e+01
5.800000000000000000e+01
4.600000000000000000e+01
4.100000000000000000e+01
5.800000000000000000e+01
5.500000000000000000e+01
6.500000000000000000e+01
5.500000000000000000e+01
5.500000000000000000e+01
5.600000000000000000e+01
5.700000000000000000e+01
6.000000000000000000e+01
6.100000000000000000e+01
4.000000000000000000e+01
6.100000000000000000e+01
4.500000000000000000e+01
4.400000000000000000e+01
6.000000000000000000e+01
3.800000000000000000e+01
4.400000000000000000e+01
5.000000000000000000e+01
4.900000000000000000e+01
3.800000000000000000e+01
6.100000000000000000e+01
4.300000000000000000e+01
5.100000000000000000e+01
6.400000000000000000e+01
2.900000000000000000e+01
4.400000000000000000e+01
6.000000000000000000e+01
5.200000000000000000e+01
5.000000000000000000e+01
6.400000000000000000e+01
5.700000000000000000e+01
5.100000000000000000e+01
3.800000000000000000e+01
4.500000000000000000e+01
6.000000000000000000e+01
2.900000000000000000e+01
5.400000000000000000e+01
3.900000000000000000e+01
5.500000000000000000e+01
4.700000000000000000e+01
5.700000000000000000e+01
6.000000000000000000e+01
5.400000000000000000e+01
3.900000000000000000e+01
4.900000000000000000e+01
5.800000000000000000e+01
5.400000000000000000e+01
5.800000000000000000e+01
5.300000000000000000e+01
4.900000000000000000e+01
4.700000000000000000e+01
4.200000000000000000e+01
5.000000000000000000e+01
5.100000000000000000e+01
4.600000000000000000e+01
4.400000000000000000e+01
5.300000000000000000e+01
4.300000000000000000e+01
4.600000000000000000e+01
5.200000000000000000e+01
5.500000000000000000e+01
3.700000000000000000e+01
5.700000000000000000e+01
5.200000000000000000e+01
5.700000000000000000e+01
-2.000000000000000000e+01
4.800000000000000000e+01
-5.000000000000000000e+00
4.700000000000000000e+01
5.500000000000000000e+01
4.600000000000000000e+01
6.100000000000000000e+01
5.700000000000000000e+01
4.000000000000000000e+01
-1.010000000000000000e+02
4.600000000000000000e+01
4.800000000000000000e+01
5.700000000000000000e+01
4.100000000000000000e+01
4.600000000000000000e+01
6.100000000000000000e+01
4.600000000000000000e+01
4.800000000000000000e+01
6.300000000000000000e+01
4.500000000000000000e+01
5.000000000000000000e+01
5.200000000000000000e+01
5.000000000000000000e+01
5.600000000000000000e+01
5.000000000000000000e+01
5.100000000000000000e+01
4.400000000000000000e+01
5.200000000000000000e+01
5.800000000000000000e+01
5.300000000000000000e+01
5.300000000000000000e+01
4.600000000000000000e+01
5.600000000000000000e+01
6.500000000000000000e+01
5.200000000000000000e+01
6.200000000000000000e+01
5.300000000000000000e+01
4.600000000000000000e+01
5.600000000000000000e+01
5.300000000000000000e+01
3.200000000000000000e+01
4.600000000000000000e+01
5.200000000000000000e+01
3.900000000000000000e+01
4.600000000000000000e+01
3.100000000000000000e+01
1.000000000000000000e+00
6.200000000000000000e+01
5.200000000000000000e+01
5.600000000000000000e+01
5.700000000000000000e+01
6.200000000000000000e+01
5.700000000000000000e+01
-9.000000000000000000e+00
4.800000000000000000e+01
4.600000000000000000e+01
5.200000000000000000e+01
4.700000000000000000e+01
4.600000000000000000e+01
4.700000000000000000e+01
6.100000000000000000e+01
4.600000000000000000e+01
5.300000000000000000e+01
5.700000000000000000e+01
6.100000000000000000e+01
5.600000000000000000e+01
5.100000000000000000e+01
4.700000000000000000e+01
4.700000000000000000e+01
5.200000000000000000e+01
5.600000000000000000e+01
6.000000000000000000e+01
4.400000000000000000e+01
6.200000000000000000e+01
3.500000000000000000e+01
5.000000000000000000e+01
6.600000000000000000e+01
5.900000000000000000e+01
6.400000000000000000e+01
5.400000000000000000e+01
4.000000000000000000e+01
4.500000000000000000e+01
4.900000000000000000e+01
5.200000000000000000e+01
6.000000000000000000e+01
5.500000000000000000e+01
5.800000000000000000e+01
6.100000000000000000e+01
4.900000000000000000e+01
6.200000000000000000e+01
5.400000000000000000e+01
4.600000000000000000e+01
5.100000000000000000e+01
3.300000000000000000e+01
5.100000000000000000e+01
5.500000000000000000e+01
6.000000000000000000e+01
6.100000000000000000e+01
5.000000000000000000e+01
4.800000000000000000e+01
5.900000000000000000e+01
5.200000000000000000e+01
6.100000000000000000e+01
5.200000000000000000e+01
5.500000000000000000e+01
5.300000000000000000e+01
5.500000000000000000e+01
5.500000000000000000e+01
5.100000000000000000e+01
5.800000000000000000e+01
5.900000000000000000e+01
4.800000000000000000e+01
6.400000000000000000e+01
6.300000000000000000e+01
5.300000000000000000e+01
5.600000000000000000e+01
6.300000000000000000e+01
4.100000000000000000e+01
5.000000000000000000e+01
4.700000000000000000e+01
5.300000000000000000e+01
6.200000000000000000e+01
5.100000000000000000e+01
6.100000000000000000e+01
5.000000000000000000e+01
6.400000000000000000e+01
5.700000000000000000e+01
5.100000000000000000e+01
4.900000000000000000e+01
5.700000000000000000e+01
2.900000000000000000e+01
6.200000000000000000e+01
5.500000000000000000e+01
5.700000000000000000e+01
4.700000000000000000e+01
3.600000000000000000e+01
5.500000000000000000e+01
6.200000000000000000e+01
5.700000000000000000e+01
5.100000000000000000e+01
4.100000000000000000e+01
5.400000000000000000e+01
4.800000000000000000e+01
6.100000000000000000e+01
5.600000000000000000e+01
6.400000000000000000e+01
4.700000000000000000e+01
6.100000000000000000e+01
3.600000000000000000e+01
4.700000000000000000e+01
6.200000000000000000e+01
5.900000000000000000e+01
5.700000000000000000e+01
6.000000000000000000e+01
5.600000000000000000e+01
6.400000000000000000e+01
5.000000000000000000e+01
5.900000000000000000e+01
4.400000000000000000e+01
6.600000000000000000e+01
5.000000000000000000e+01
4.900000000000000000e+01
6.300000000000000000e+01
5.400000000000000000e+01
5.600000000000000000e+01
5.300000000000000000e+01
4.400000000000000000e+01
6.300000000000000000e+01
6.700000000000000000e+01
4.600000000000000000e+01
5.400000000000000000e+01
5.300000000000000000e+01
4.900000000000000000e+01
3.500000000000000000e+01
4.900000000000000000e+01
5.300000000000000000e+01
5.900000000000000000e+01
6.500000000000000000e+01
4.900000000000000000e+01
5.700000000000000000e+01
6.300000000000000000e+01
5.100000000000000000e+01
5.500000000000000000e+01
5.900000000000000000e+01
5.600000000000000000e+01
5.100000000000000000e+01
4.600000000000000000e+01
6.000000000000000000e+01
5.800000000000000000e+01
5.600000000000000000e+01
4.500000000000000000e+01
5.700000000000000000e+01
4.900000000000000000e+01
4.200000000000000000e+01
4.400000000000000000e+01
5.000000000000000000e+01
6.500000000000000000e+01
5.800000000000000000e+01
4.900000000000000000e+01
5.400000000000000000e+01
5.600000000000000000e+01
4.100000000000000000e+01
5.400000000000000000e+01
6.400000000000000000e+01
5.000000000000000000e+01
5.100000000000000000e+01
5.100000000000000000e+01
5.800000000000000000e+01
5.500000000000000000e+01
5.800000000000000000e+01
5.700000000000000000e+01
6.700000000000000000e+01
5.600000000000000000e+01
6.500000000000000000e+01
5.600000000000000000e+01
6.000000000000000000e+01
6.000000000000000000e+01
4.800000000000000000e+01
4.900000000000000000e+01
5.500000000000000000e+01
5.800000000000000000e+01
6.000000000000000000e+01
4.500000000000000000e+01
6.300000000000000000e+01
4.800000000000000000e+01
5.700000000000000000e+01
5.400000000000000000e+01
5.000000000000000000e+01
5.900000000000000000e+01
4.900000000000000000e+01
5.700000000000000000e+01
5.700000000000000000e+01
6.500000000000000000e+01
4.700000000000000000e+01
4.900000000000000000e+01
5.800000000000000000e+01
5.000000000000000000e+01
5.500000000000000000e+01
4.600000000000000000e+01
5.400000000000000000e+01
5.500000000000000000e+01
5.400000000000000000e+01
4.600000000000000000e+01
4.200000000000000000e+01
6.500000000000000000e+01
5.600000000000000000e+01
5.200000000000000000e+01
5.100000000000000000e+01
4.600000000000000000e+01
4.800000000000000000e+01
4.400000000000000000e+01
4.800000000000000000e+01
6.200000000000000000e+01
5.800000000000000000e+01
6.600000000000000000e+01
5.300000000000000000e+01
5.600000000000000000e+01
5.000000000000000000e+01
5.700000000000000000e+01
5.400000000000000000e+01
6.300000000000000000e+01
5.200000000000000000e+01
4.600000000000000000e+01
6.100000000000000000e+01
6.100000000000000000e+01
6.000000000000000000e+01
5.000000000000000000e+01
5.000000000000000000e+01
5.100000000000000000e+01
4.800000000000000000e+01
5.300000000000000000e+01
5.000000000000000000e+01
4.700000000000000000e+01
5.600000000000000000e+01
6.200000000000000000e+01
4.900000000000000000e+01
5.900000000000000000e+01
6.200000000000000000e+01
5.900000000000000000e+01
6.400000000000000000e+01
5.200000000000000000e+01
5.400000000000000000e+01
5.200000000000000000e+01
6.500000000000000000e+01
5.100000000000000000e+01
5.200000000000000000e+01
5.800000000000000000e+01
5.400000000000000000e+01
6.500000000000000000e+01
5.400000000000000000e+01
5.600000000000000000e+01
6.400000000000000000e+01
5.800000000000000000e+01
5.500000000000000000e+01
4.800000000000000000e+01
5.200000000000000000e+01
5.100000000000000000e+01
6.100000000000000000e+01
5.100000000000000000e+01
6.000000000000000000e+01
6.500000000000000000e+01
4.700000000000000000e+01
4.700000000000000000e+01
6.300000000000000000e+01
6.100000000000000000e+01
4.800000000000000000e+01
4.700000000000000000e+01
5.200000000000000000e+01
5.100000000000000000e+01
5.500000000000000000e+01
4.700000000000000000e+01
5.400000000000000000e+01
5.600000000000000000e+01
5.200000000000000000e+01
4.300000000000000000e+01
5.200000000000000000e+01
6.000000000000000000e+01
5.100000000000000000e+01
5.500000000000000000e+01
6.200000000000000000e+01
5.300000000000000000e+01
5.600000000000000000e+01
5.400000000000000000e+01
4.900000000000000000e+01
6.100000000000000000e+01
5.600000000000000000e+01
4.300000000000000000e+01
5.900000000000000000e+01
1.400000000000000000e+01
6.400000000000000000e+01
5.000000000000000000e+01
5.300000000000000000e+01
-5.200000000000000000e+01
4.600000000000000000e+01
6.400000000000000000e+01
5.500000000000000000e+01
4.600000000000000000e+01
6.100000000000000000e+01
4.900000000000000000e+01
5.300000000000000000e+01
5.200000000000000000e+01
5.800000000000000000e+01
5.000000000000000000e+01
5.300000000000000000e+01
5.300000000000000000e+01
5.000000000000000000e+01
6.100000000000000000e+01
5.200000000000000000e+01
4.900000000000000000e+01
5.000000000000000000e+01
5.200000000000000000e+01
5.600000000000000000e+01
5.900000000000000000e+01
4.700000000000000000e+01
4.900000000000000000e+01
6.400000000000000000e+01
5.200000000000000000e+01
5.700000000000000000e+01
5.600000000000000000e+01
4.800000000000000000e+01
4.900000000000000000e+01
5.500000000000000000e+01
5.700000000000000000e+01
5.600000000000000000e+01
6.300000000000000000e+01
5.600000000000000000e+01
6.000000000000000000e+01
4.900000000000000000e+01
5.500000000000000000e+01
5.800000000000000000e+01
5.400000000000000000e+01
5.600000000000000000e+01
4.700000000000000000e+01
5.600000000000000000e+01
5.500000000000000000e+01
5.400000000000000000e+01
4.800000000000000000e+01
5.800000000000000000e+01
5.300000000000000000e+01
6.400000000000000000e+01
4.800000000000000000e+01
6.500000000000000000e+01
4.700000000000000000e+01
4.700000000000000000e+01
5.900000000000000000e+01
4.700000000000000000e+01
5.100000000000000000e+01
5.000000000000000000e+01
5.400000000000000000e+01
4.100000000000000000e+01
6.300000000000000000e+01
4.900000000000000000e+01
5.500000000000000000e+01
5.800000000000000000e+01
5.600000000000000000e+01
5.000000000000000000e+01
5.400000000000000000e+01
5.300000000000000000e+01
5.500000000000000000e+01
5.800000000000000000e+01
5.200000000000000000e+01
5.900000000000000000e+01
4.500000000000000000e+01
5.900000000000000000e+01
5.900000000000000000e+01
6.300000000000000000e+01
5.600000000000000000e+01
5.700000000000000000e+01
5.500000000000000000e+01
5.400000000000000000e+01
4.900000000000000000e+01
5.200000000000000000e+01
5.000000000000000000e+01
5.300000000000000000e+01
4.500000000000000000e+01
4.900000000000000000e+01
4.800000000000000000e+01
6.400000000000000000e+01
4.900000000000000000e+01
4.800000000000000000e+01
